0 0.7392819086710612 0.5535901104962384 0.06930198669433593 0.08578084309895834
0 0.6563327471415202 0.3911576165093316 0.050002098083496094 0.12116054958767361
0 0.7122259457906087 0.6349668149594907 0.06209278106689453 0.10013303403501157
0 0.5286044915517171 0.5047138496681496 0.06218175888061524 0.09399411236798322
0 0.4852619965871175 0.7801364474826389 0.05965433120727539 0.08504977756076389
0 0.6394752820332845 0.6329811096191407 0.06503836313883464 0.08378753662109376
0 0.4418370246887207 0.3948134810836227 0.03679370880126953 0.13496873643663193
0 0.4089766502380371 0.5904843365704572 0.047129249572753905 0.09067439326533565
0 0.19654961427052817 0.7031192355685764 0.04529112180074056 0.12925754123263888
0 0.25062402884165447 0.6327405858922888 0.06502855618794759 0.07197994656032985
0 0.281528902053833 0.7180313675491898 0.06691675186157227 0.09636705186631944
0 0.8222787857055665 0.6872668513545284 0.065435791015625 0.07924414740668403
0 0.8352426211039226 0.9188651190863715 0.058511543273925784 0.06927117241753472
0 0.3625288373416232 0.0463247894922164 0.05232356815403681 0.08787676493326822
0 0.4014958993353025 0.06826053484521731 0.04225947543828177 0.09106652423588918
0 0.9107259750366211 0.9462166680230035 0.03856735229492188 0.10000237358940972
0 0.8341877350692487 0.8482535660471703 0.07639737735499211 0.07565948031885383
0 0.23616279654486483 0.291491414609416 0.04980626319282244 0.15724781585495273
0 0.7669115702311198 0.9700479295518664 0.05392646789550781 0.05858306884765625
0 0.8315689722696941 0.7484219868977865 0.04989204406738281 0.08349829779730902
0 0.613849131266276 0.09172486022666648 0.06851234436035156 0.07509754675405997
0 0.9077596664428711 0.8534412807888455 0.04810791015625 0.09063771565755209
0 0.22795166969299316 0.9608913845486111 0.042070770263671876 0.07821723090277778
0 0.2825622637247302 0.5364705776521931 0.050251245662518804 0.10119621448728043
0 0.5719484011332194 0.0226655642191569 0.060502815246582034 0.0453311284383138
0 0.6178629875183106 0.026191398832533096 0.039525413513183595 0.05238279766506619
0 0.5816404978434245 0.9531987225567853 0.07380142211914062 0.0620157312463831
0 0.6516809430728664 0.9116541666946324 0.04697228133473601 0.11845915431328156
0 0.6533587172380221 0.030249706720294974 0.044385506700426444 0.06049941344058995
0 0.8587383840828162 0.7426343169217638 0.030542379025361298 0.06861103768320281
0 0.889685352233677 0.7689003436426117 0.032753436426116875 0.08209240168003054
0 0.8574688573883161 0.8035032455135548 0.05423109965635741 0.06156930126002286