0 0.2607180913289388 0.5535901104962384 0.06930198669433593 0.08578084309895834
0 0.3436672528584798 0.3911576165093316 0.050002098083496094 0.12116054958767361
0 0.2877740542093913 0.6349668149594907 0.06209278106689453 0.10013303403501157
0 0.4713955084482829 0.5047138496681496 0.06218175888061524 0.09399411236798322
0 0.5147380034128824 0.7801364474826389 0.05965433120727539 0.08504977756076389
0 0.3605247179667155 0.6329811096191407 0.06503836313883464 0.08378753662109376
0 0.5581629753112793 0.3948134810836227 0.03679370880126953 0.13496873643663193
0 0.5910233497619629 0.5904843365704572 0.047129249572753905 0.09067439326533565
0 0.8034503857294718 0.7031192355685764 0.04529112180074056 0.12925754123263888
0 0.7493759711583455 0.6327405858922888 0.06502855618794759 0.07197994656032985
0 0.718471097946167 0.7180313675491898 0.06691675186157227 0.09636705186631944
0 0.1777212142944336 0.6872668513545284 0.065435791015625 0.07924414740668403
0 0.16475737889607747 0.9188651190863715 0.058511543273925784 0.06927117241753472
0 0.6374711626583768 0.0463247894922164 0.05232356815403681 0.08787676493326822
0 0.5985041006646976 0.06826053484521731 0.04225947543828189 0.09106652423588918
0 0.08927402496337891 0.9462166680230035 0.03856735229492188 0.10000237358940972
0 0.16581226493075127 0.8482535660471703 0.07639737735499211 0.07565948031885383
0 0.7638372034551353 0.291491414609416 0.04980626319282256 0.15724781585495273
0 0.2330884297688802 0.9700479295518664 0.05392646789550781 0.05858306884765625
0 0.168431027730306 0.7484219868977865 0.04989204406738281 0.08349829779730902
0 0.38615086873372395 0.09172486022666648 0.06851234436035156 0.07509754675405997
0 0.0922403335571289 0.8534412807888455 0.04810791015625 0.09063771565755209
0 0.7720483303070068 0.9608913845486111 0.042070770263671876 0.07821723090277778
0 0.7174377362752699 0.5364705776521931 0.050251245662518804 0.10119621448728043
0 0.4280515988667806 0.0226655642191569 0.060502815246582034 0.0453311284383138
0 0.38213701248168946 0.026191398832533096 0.039525413513183595 0.05238279766506619
0 0.4183595021565755 0.9531987225567853 0.07380142211914062 0.0620157312463831
0 0.3483190569271336 0.9116541666946324 0.04697228133473601 0.11845915431328156
0 0.346641282761978 0.030249706720294974 0.044385506700426444 0.06049941344058995
0 0.14126161591718375 0.7426343169217638 0.030542379025361298 0.06861103768320281
0 0.11031464776632305 0.7689003436426117 0.032753436426116875 0.08209240168003054
0 0.14253114261168384 0.8035032455135548 0.05423109965635741 0.06156930126002286