0 0.7392819086710612 0.4464098895037616 0.06930198669433593 0.08578084309895834
0 0.6563327471415202 0.6088423834906684 0.050002098083496094 0.12116054958767361
0 0.7122259457906087 0.36503318504050924 0.06209278106689453 0.10013303403501157
0 0.5286044915517171 0.4952861503318504 0.06218175888061524 0.09399411236798322
0 0.4852619965871175 0.21986355251736112 0.05965433120727539 0.08504977756076389
0 0.6394752820332845 0.3670188903808594 0.06503836313883464 0.08378753662109376
0 0.4418370246887207 0.6051865189163773 0.03679370880126953 0.13496873643663193
0 0.4089766502380371 0.4095156634295428 0.047129249572753905 0.09067439326533565
0 0.19654961427052817 0.29688076443142364 0.04529112180074056 0.12925754123263888
0 0.25062402884165447 0.36725941410771124 0.06502855618794759 0.07197994656032985
0 0.281528902053833 0.28196863245081016 0.06691675186157227 0.09636705186631944
0 0.8222787857055665 0.31273314864547164 0.065435791015625 0.07924414740668403
0 0.8352426211039226 0.08113488091362847 0.058511543273925784 0.06927117241753472
0 0.3625288373416232 0.9536752105077836 0.05232356815403681 0.08787676493326822
0 0.4014958993353025 0.9317394651547827 0.04225947543828177 0.0910665242358892
0 0.9107259750366211 0.05378333197699653 0.03856735229492188 0.10000237358940972
0 0.8341877350692487 0.1517464339528297 0.07639737735499211 0.07565948031885383
0 0.23616279654486483 0.708508585390584 0.04980626319282244 0.15724781585495273
0 0.7669115702311198 0.02995207044813368 0.05392646789550781 0.05858306884765625
0 0.8315689722696941 0.25157801310221356 0.04989204406738281 0.08349829779730902
0 0.613849131266276 0.9082751397733335 0.06851234436035156 0.07509754675405997
0 0.9077596664428711 0.14655871921115451 0.04810791015625 0.09063771565755209
0 0.22795166969299316 0.03910861545138889 0.042070770263671876 0.07821723090277778
0 0.2825622637247302 0.46352942234780686 0.050251245662518804 0.10119621448728043
0 0.5719484011332194 0.9773344357808431 0.060502815246582034 0.0453311284383138
0 0.6178629875183106 0.9738086011674669 0.039525413513183595 0.05238279766506619
0 0.5816404978434245 0.046801277443214696 0.07380142211914062 0.0620157312463831
0 0.6516809430728664 0.08834583330536763 0.04697228133473601 0.11845915431328156
0 0.6533587172380221 0.969750293279705 0.044385506700426444 0.06049941344059004
0 0.8587383840828162 0.25736568307823615 0.030542379025361298 0.06861103768320281
0 0.889685352233677 0.2310996563573883 0.032753436426116875 0.08209240168003054
0 0.8574688573883161 0.19649675448644516 0.05423109965635741 0.06156930126002286