0 0.6580013910929362 0.2534845987955729 0.06254310607910156 0.08431939019097222
0 0.292206859588623 0.6247034426088687 0.0684885025024414 0.09886774133752893
0 0.17058871587117513 0.3177864498562283 0.05509888331095378 0.10214953952365452
0 0.6982406298319499 0.6280227661132812 0.055385526021321616 0.09531962076822917
0 0.5053974151611328 0.2554568396674262 0.05163898468017578 0.09257922702365451
0 0.1300933241844177 0.30703688727484807 0.057494091987609866 0.08234583536783854
0 0.8584876696268717 0.9184692100242332 0.058670997619628906 0.08849447744864004
0 0.40101099014282227 0.40437833997938366 0.05107536315917969 0.1330844455295139
0 0.20320937633514405 0.7642578125 0.0505277156829834 0.11061943901909722
0 0.4648320198059082 0.13587504492865668 0.06188678741455078 0.06693941752115885
0 0.544124968846639 0.9099958349157262 0.0690248171488444 0.08080563015407986
0 0.8323198318481445 0.6019268459743924 0.05481414794921875 0.08811374240451389
0 0.519502051671346 0.7676082752369068 0.06714417139689127 0.11268971761067709
0 0.737990919748942 0.439740315190068 0.03907070159912109 0.13573588618525753
0 0.31311330795288084 0.04313797111864443 0.05174694061279297 0.08485478206917092
0 0.10108599662780762 0.09553503460354275 0.04316501617431641 0.09978152381049263
0 0.6272610346476237 0.39734590318467883 0.05823974609375 0.0947689480251736
0 0.7938856442769369 0.7088526407877604 0.06865126291910807 0.08524949815538195
0 0.33936285972595215 0.1432506349351671 0.0441645622253418 0.07883618672688802
0 0.8614913940429687 0.8106108771430122 0.06820297241210938 0.09202050103081597
0 0.4996980667114258 0.40529266639992045 0.052442741394042966 0.10303048027886284
0 0.6817514101664225 0.08753403204458732 0.05488999684651693 0.0804957425152814
0 0.927020263671875 0.8848097059461806 0.06222686767578125 0.06869981553819444
0 0.7833831469217937 0.8279038323296442 0.055767250061035153 0.09529978434244792
0 0.5669624964396159 0.17277331528840242 0.048758316040039065 0.12285439526593243
0 0.09925904273986816 0.17565425590232567 0.05514450073242187 0.08098140292697482
0 0.30301472345987956 0.3961919996473524 0.03295065561930339 0.1127534654405382
0 0.8792426745096843 0.7236768934461806 0.05333423614501953 0.08547804090711805
0 0.6946573650920308 0.7627464903046263 0.054085619466288176 0.09772639261012055
0 0.34448833465576173 0.37493729767975986 0.05589923858642578 0.10742034912109374
0 0.32178468704223634 0.8796744452582466 0.04979133605957031 0.12995978461371527
0 0.5261056900024415 0.11957087693391023 0.06204414367675781 0.07052047870777271
0 0.39014172554016113 0.09273567729526096 0.04142694473266602 0.08097728093465169
0 0.813364855448405 0.5373665703667535 0.050231552124023436 0.07088623046875
0 0.32394202550252277 0.2717484368218316 0.06689243316650391 0.08267127143012153
0 0.731881090977809 0.8463063901769347 0.0462213894148249 0.10694844468953349
0 0.7585115214340559 0.2680718684823358 0.05861019299533818 0.09099247883631408
0 0.47962802251180015 0.3430081120243779 0.04951267242431641 0.1495271470811632
0 0.5810863812764485 0.6424162688078704 0.049962298075358076 0.06655126501012731
0 0.6990709110677394 0.3894104057831854 0.0658371854981091 0.07204150112800276
0 0.8303678605939958 0.45532200785382243 0.05182255387028339 0.09550724044361127
0 0.42379074096679686 0.09528854864614981 0.034906005859375 0.06336376755325883
0 0.687857824427481 0.45794458580718117 0.08110687022900767 0.07916313259824706
0 0.9373119354248047 0.8244732326931423 0.04516258239746094 0.08112419976128472
0 0.02844704198473285 0.45177284857631567 0.0568940839694657 0.11695189968084313
0 0.6892760276794434 0.8373341878255208 0.03711147308349609 0.09126383463541667
0 0.7802565574645997 0.3348969636140046 0.05329074859619141 0.05526462131076389
0 0.1384175194432111 0.9601003675431156 0.05092855033680373 0.07979926491376882
0 0.8836830139160157 0.6601932101779514 0.05201454162597656 0.054173109266493054
0 0.5863549671706959 0.9486434759647455 0.03951973077905085 0.10070793015962941
0 0.9127880096435547 0.7152642709237558 0.04045257568359375 0.09027235243055555
0 0.6389241470938724 0.0225826972010178 0.053338092580703274 0.0451653944020356
0 0.24033036231994628 0.015432216503002026 0.04410972595214844 0.03086443300600405
0 0.854002768065268 0.5157018907018907 0.040246212121211995 0.09842009842009837
0 0.6738964160839161 0.8875291375291374 0.05372231934731933 0.06636881636881639