0 0.5309947967529297 0.4119646143030237 0.05124874114990234 0.10148162841796875
0 0.31587998072306317 0.7481778180157697 0.0626113255818685 0.08277480513961227
0 0.6710916042327881 0.6582844345657913 0.05564432144165039 0.08684423941153067
0 0.14706411361694335 0.17814093695746527 0.059493064880371094 0.08730434841579861
0 0.23996623357137045 0.5079446298104745 0.06505260467529297 0.09159195511429398
0 0.6140162785847981 0.589781669334129 0.05451361338297526 0.11686655680338541
0 0.2357852300008138 0.18440314398871527 0.05216089884440104 0.11160651312934028
0 0.4276785214742025 0.8459891248632361 0.04121112823486328 0.12225866670961734
0 0.6738773504892985 0.7750618899310077 0.04661099116007487 0.1227346490930628
0 0.7854228496551514 0.5695838928222656 0.06556596755981445 0.074981689453125
0 0.08487256368001302 0.08060627690067998 0.06777725219726563 0.09986770064742477
0 0.17491868336995442 0.3474193714283131 0.043655014038085936 0.12749300356264467
0 0.20243078867594402 0.4399154097945602 0.04496981302897136 0.1392449273003472
0 0.5815656661987305 0.910792640403465 0.043703651428222655 0.08961009272822627
0 0.9475655277570089 0.8839619954427084 0.047488983472188315 0.11617312961154513
0 0.3291304270426432 0.15407353153935185 0.037304051717122394 0.12187703450520833
0 0.4180154651472897 0.624829243242787 0.04305307481672382 0.12436711119419847
0 0.23505716323852538 0.05255217375578704 0.048261833190917966 0.10510434751157408
0 0.972046182983683 0.9249222999222998 0.055907634032634 0.08417508417508415
0 0.6474263827006023 0.03481233384874132 0.047982215881347656 0.06962466769748264
0 0.542695681254069 0.8971947811267994 0.05512924194335937 0.06754403997350622
0 0.4844913323720296 0.7285446025707104 0.058036390940348306 0.08146879408094618
0 0.14208564758300782 0.2795097351074219 0.04356460571289063 0.08196665445963541
0 0.7098762642809284 0.48813581103582027 0.07170474301407097 0.0924979882980065
0 0.429268648018648 0.7178839678839679 0.06993006993007 0.07090132090132088
0 0.4568963050842285 0.6556263817681207 0.03946666717529297 0.10867351955837673
0 0.4928553546781028 0.6543733405622292 0.07035523150072791 0.09021521259298963
0 0.5149596214294434 0.8455349604288737 0.057036209106445315 0.08887748718261719
0 0.7770665211555285 0.48671016134890954 0.06695355513156992 0.08187668115417741
0 0.46992898020710977 0.8527742061303768 0.046156025599766434 0.07242361571127444
0 0.661344965354546 0.9702311577311578 0.06460426637342755 0.05953768453768454
0 0.4538362185160319 0.9802880110564055 0.05658931732177734 0.039423977887188946
0 0.10436973571777344 0.26055933634440104 0.03556404113769531 0.09301910400390626
0 0.17420104344685872 0.49755931430392797 0.04966182708740234 0.09121000501844619
0 0.1561953671328671 0.43217430717430716 0.04461684149184156 0.07446257446257462