0 0.4690052032470703 0.5880353856969762 0.05124874114990234 0.10148162841796875
0 0.6841200192769369 0.25182218198423034 0.0626113255818685 0.08277480513961227
0 0.3289083957672119 0.3417155654342086 0.05564432144165039 0.08684423941153067
0 0.8529358863830566 0.8218590630425348 0.059493064880371094 0.08730434841579861
0 0.7600337664286295 0.49205537018952544 0.06505260467529297 0.09159195511429398
0 0.3859837214152018 0.41021833066587093 0.05451361338297526 0.11686655680338541
0 0.7642147699991862 0.8155968560112847 0.05216089884440104 0.11160651312934028
0 0.5723214785257975 0.15401087513676395 0.04121112823486328 0.12225866670961734
0 0.3261226495107015 0.22493811006899234 0.04661099116007487 0.1227346490930628
0 0.21457715034484864 0.4304161071777344 0.06556596755981445 0.074981689453125
0 0.9151274363199869 0.91939372309932 0.06777725219726563 0.09986770064742477
0 0.8250813166300456 0.652580628571687 0.043655014038085936 0.12749300356264467
0 0.797569211324056 0.5600845902054398 0.04496981302897136 0.1392449273003472
0 0.41843433380126954 0.08920735959653502 0.043703651428222655 0.08961009272822627
0 0.05243447224299113 0.11603800455729167 0.047488983472188315 0.11617312961154513
0 0.6708695729573567 0.8459264684606481 0.037304051717122394 0.12187703450520833
0 0.5819845348527103 0.37517075675721306 0.04305307481672382 0.12436711119419856
0 0.7649428367614746 0.947447826244213 0.048261833190917966 0.10510434751157408
0 0.027953817016317016 0.07507770007770004 0.05590763403263403 0.08417508417508417
0 0.3525736172993978 0.9651876661512587 0.047982215881347656 0.06962466769748264
0 0.45730431874593097 0.1028052188732006 0.05512924194335937 0.06754403997350622
0 0.5155086676279704 0.27145539742928965 0.058036390940348306 0.08146879408094618
0 0.8579143524169922 0.7204902648925782 0.04356460571289063 0.08196665445963541
0 0.2901237357190717 0.5118641889641797 0.07170474301407109 0.0924979882980065
0 0.570731351981352 0.2821160321160321 0.06993006993007 0.07090132090132088
0 0.5431036949157715 0.34437361823187934 0.03946666717529297 0.10867351955837673
0 0.5071446453218972 0.3456266594377709 0.07035523150072791 0.09021521259298963
0 0.48504037857055665 0.1544650395711263 0.057036209106445315 0.08887748718261719
0 0.22293347884447148 0.5132898386510905 0.06695355513156992 0.08187668115417741
0 0.5300710197928902 0.1472257938696232 0.046156025599766434 0.07242361571127444
0 0.338655034645454 0.029768842268842244 0.06460426637342755 0.05953768453768449
0 0.546163781483968 0.019711988943594473 0.05658931732177734 0.039423977887188946
0 0.8956302642822266 0.7394406636555989 0.03556404113769531 0.09301910400390626
0 0.8257989565531413 0.502440685696072 0.04966182708740234 0.09121000501844619
0 0.8438046328671329 0.5678256928256928 0.04461684149184156 0.07446257446257462