0 0.15534060151426937 0.7043374288579214 0.09513173403439813 0.14849944945846436
0 0.33343652404901636 0.6682240338119234 0.10213140482817593 0.13358303217824508
0 0.05147857666015625 0.7228249514544451 0.1029571533203125 0.1337296238651982
0 0.07032122845416305 0.5836902816997727 0.10454985078398144 0.14050599448701262
0 0.7364258103698265 0.34996452320757854 0.10111179885670131 0.12472407044682204
0 0.5871170388529926 0.43483172657464836 0.1004955660599182 0.21303374786851498
0 0.06465269924599527 0.9479442137259024 0.10969518425859211 0.10411157254819517
0 0.3244241437839187 0.03589983922059437 0.08914471497669159 0.07083532297243875
0 0.11298936208089193 0.8853252446209943 0.1015625 0.14573559937653718
0 0.3982348991162849 0.9470830095830096 0.08908343459620624 0.10583398083398084
0 0.5312102417302799 0.36323155216284997 0.15903307888040719 0.15973989256431995
0 0.2343212127685547 0.029522846363208913 0.055156707763671875 0.05696914107711227
0 0.19629273329678984 0.8734858774147971 0.1267370524903896 0.14573392795242415
0 0.043621253967285153 0.16087375217013888 0.067901611328125 0.12637871636284723
0 0.5174936386768447 0.28477523324851584 0.14511768447837145 0.13853548204693247