0 0.4447121779123942 0.565565518979673 0.07691265741984049 0.09452961109302661
0 0.32158889770507815 0.7904052734375 0.053802108764648436 0.1469974093967014
0 0.21766732533772787 0.724071756998698 0.05298271179199219 0.129376220703125
0 0.21289971669514973 0.5886766504358363 0.06174278259277344 0.09742629439742477
0 0.11436599924406655 0.7813547081898535 0.046987510809793305 0.11678330591457148
0 0.9708686629931133 0.05399043118512189 0.05619463125864665 0.10798086237024378
0 0.3587665875752767 0.5221555215341074 0.044965934753417966 0.1540844104908131
0 0.979041850566864 0.43415568316424336 0.041916298866271975 0.08749352914315683
0 0.6239299297332763 0.39750614872685186 0.05109052658081055 0.12556067572699653
0 0.7174942645159634 0.4768932031306909 0.050518832062230005 0.10157489909992347
0 0.3608861287434896 0.6512724982367621 0.04122149149576823 0.12920040554470485
0 0.21138251622517903 0.524815340395327 0.06962146759033203 0.08895077175564237
0 0.727163823445638 0.35292526527687357 0.058606529235839845 0.09829143948025174
0 0.17246396068469091 0.7123487286444682 0.047581806257077135 0.13142753366881835
0 0.7909960746765137 0.05985230163291649 0.05444555282592774 0.10553340558652524
0 0.6650482972462972 0.4227764836064091 0.05251334508260091 0.15539183440031828
0 0.5817905815053375 0.4090458735318049 0.03805053862102644 0.1331008120726749
0 0.7503089407940845 0.024426961926961907 0.044397019117306515 0.048853923853923814
0 0.776996111869812 0.37163242763943144 0.05463252067565918 0.11024212307400173
0 0.6726285457611084 0.2398704458166052 0.0819737434387207 0.07425730669939959
0 0.5101515707493447 0.7826720283223533 0.09277395861931197 0.09973736719158145
0 0.17567638788087195 0.5838554481278752 0.03467186755861888 0.1280798254962751
0 0.22028106053670246 0.968714028817636 0.045438957214355466 0.062188325104890044
0 0.4292314544262125 0.9753566796368351 0.0710928628726073 0.049286640726329635
0 0.1458941309987029 0.5942138636691165 0.034654669260700405 0.1041216313589854
0 0.5070322632944229 0.8545179420665802 0.05532587548638143 0.09151174520824333