0 0.8446593984857306 0.2956625711420786 0.09513173403439813 0.14849944945846436
0 0.6665634759509836 0.3317759661880765 0.10213140482817593 0.13358303217824516
0 0.9485214233398438 0.27717504854555486 0.1029571533203125 0.1337296238651982
0 0.9296787715458369 0.4163097183002273 0.10454985078398144 0.14050599448701262
0 0.26357418963017354 0.6500354767924215 0.10111179885670124 0.12472407044682204
0 0.41288296114700745 0.5651682734253517 0.1004955660599182 0.21303374786851498
0 0.9353473007540047 0.052055786274097585 0.10969518425859211 0.10411157254819517
0 0.6755758562160813 0.9641001607794056 0.08914471497669159 0.07083532297243875
0 0.8870106379191081 0.11467475537900572 0.1015625 0.14573559937653718
0 0.6017651008837152 0.0529169904169904 0.08908343459620624 0.1058339808339808
0 0.46878975826972014 0.63676844783715 0.15903307888040719 0.15973989256431995
0 0.7656787872314453 0.9704771536367911 0.055156707763671875 0.05696914107711227
0 0.8037072667032101 0.1265141225852028 0.1267370524903896 0.14573392795242426
0 0.9563787460327149 0.8391262478298611 0.067901611328125 0.12637871636284723
0 0.4825063613231553 0.7152247667514842 0.14511768447837145 0.13853548204693247