0 0.44374704360961914 0.3904229482014974 0.051082611083984375 0.12858979966905382
0 0.4817828178405762 0.4560627831353082 0.07215099334716797 0.0885512457953559
0 0.8220369021097819 0.8727552625868056 0.0708456039428711 0.10780232747395833
0 0.7006257375081381 0.669671376546224 0.07309748331705729 0.09507734510633681
0 0.7733953475952149 0.57259521484375 0.0581817626953125 0.10093553331163195
0 0.2289198875427246 0.12951393833866826 0.04982080459594727 0.11392213326913339
0 0.3248994638069706 0.15080428954423591 0.07093386952636276 0.07471949160957206
0 0.7154109319051106 0.7592345061125578 0.0718523661295573 0.08545633951822916
0 0.3651073614756266 0.4700012489601418 0.05238409042358398 0.11035987006293403
0 0.7662532806396485 0.7655139499240451 0.0493499755859375 0.14063991970486112
0 0.6713134129842122 0.8262233310275607 0.06615168253580729 0.09171905517578124
0 0.8811466217041015 0.9467254073531539 0.05309371948242188 0.10654918529369213
0 0.6766837697033375 0.05710154746355502 0.06711865647548644 0.1077489195721304
0 0.5782931327819825 0.13348134005511247 0.0645986557006836 0.0916847582216616
0 0.9154524803161621 0.9423499213324653 0.04225597381591797 0.109832763671875
0 0.7305784655853081 0.20373624658267367 0.051019118874066766 0.13517471168024897
0 0.6730448517749112 0.29630506908800924 0.05606998231405171 0.08889073442433074
0 0.6191920994646961 0.30243009014809547 0.07439506827346776 0.09665903328736573
0 0.45893611907958987 0.07696315977308485 0.06890888214111328 0.07471819983588325
0 0.648011617515639 0.11530632509184789 0.05334003574620188 0.11940224406712342
0 0.3300659070598749 0.21336014298480785 0.08517649687220726 0.09060669248336808
0 0.6435433422698839 0.24016979445933867 0.06199731903485268 0.11989871909442955
0 0.6831294682752457 0.22614437493794062 0.058227211796246556 0.1102174560619601
0 0.7239722966934763 0.24190745705491012 0.059204647006255585 0.11989871909442955
0 0.7634886058981233 0.25593287657630825 0.028205987488829482 0.10574918081620495
0 0.7271896815008726 0.3184506496024821 0.08821444153577668 0.08192747721543531