0 0.5562529563903809 0.3904229482014974 0.051082611083984375 0.12858979966905382
0 0.5182171821594238 0.4560627831353082 0.07215099334716797 0.0885512457953559
0 0.1779630978902181 0.8727552625868056 0.0708456039428711 0.10780232747395833
0 0.299374262491862 0.669671376546224 0.07309748331705729 0.09507734510633681
0 0.22660465240478517 0.57259521484375 0.0581817626953125 0.10093553331163195
0 0.7710801124572754 0.12951393833866826 0.04982080459594727 0.11392213326913339
0 0.6751005361930295 0.15080428954423591 0.07093386952636276 0.07471949160957207
0 0.2845890680948893 0.7592345061125578 0.0718523661295573 0.08545633951822916
0 0.6348926385243734 0.4700012489601418 0.05238409042358398 0.11035987006293403
0 0.23374671936035157 0.7655139499240451 0.0493499755859375 0.14063991970486112
0 0.32868658701578773 0.8262233310275607 0.06615168253580729 0.09171905517578124
0 0.11885337829589844 0.9467254073531539 0.05309371948242188 0.10654918529369213
0 0.3233162302966625 0.05710154746355502 0.06711865647548644 0.1077489195721304
0 0.4217068672180176 0.13348134005511247 0.0645986557006836 0.0916847582216616
0 0.08454751968383789 0.9423499213324653 0.04225597381591797 0.109832763671875
0 0.26942153441469185 0.20373624658267367 0.051019118874066766 0.13517471168024897
0 0.32695514822508875 0.29630506908800924 0.05606998231405171 0.08889073442433074
0 0.3808079005353039 0.30243009014809547 0.07439506827346776 0.09665903328736573
0 0.5410638809204101 0.07696315977308485 0.06890888214111328 0.07471819983588325
0 0.35198838248436104 0.11530632509184789 0.05334003574620188 0.11940224406712342
0 0.6699340929401251 0.21336014298480785 0.08517649687220726 0.09060669248336808
0 0.3564566577301162 0.24016979445933867 0.06199731903485268 0.11989871909442955
0 0.3168705317247543 0.22614437493794062 0.058227211796246556 0.1102174560619601
0 0.27602770330652376 0.24190745705491012 0.059204647006255585 0.11989871909442955
0 0.23651139410187672 0.25593287657630825 0.028205987488829482 0.10574918081620495
0 0.2728103184991274 0.3184506496024821 0.08821444153577668 0.08192747721543531