0 0.8181503295898438 0.35428089565700954 0.08345565795898438 0.23268390231662325
0 0.2619239317464032 0.9334414966850356 0.09436874133094122 0.13098686164264078
0 0.7494540272778227 0.16006806583636418 0.11206009017905506 0.14216044606345507
0 0.7532742500305176 0.4926388210720486 0.10883846282958984 0.15691019694010416
0 0.9405014038085937 0.3141498565673828 0.1189971923828125 0.1529009501139323
0 0.7140982824427482 0.5710347752332485 0.12006997455470743 0.23042126095561205
0 0.7478818175143566 0.049008750915527345 0.11758297345110454 0.09801750183105469
0 0.5805382059225094 0.9437386124222367 0.06279924953064248 0.11067092330367477
0 0.422843345006307 0.9030971668384693 0.08540506362915039 0.14938518382884838
0 0.5024743378617381 0.5246657112947721 0.0991757749601175 0.2041236193664741
0 0.9734225273132324 0.7687077557599103 0.053154945373535156 0.12519751654730904
0 0.9734281539916992 0.1850047923900463 0.05269432067871094 0.1264105902777778
0 0.5404034331992821 0.8466887526200982 0.10206350397180633 0.23431208911606455
0 0.9311658859252929 0.5378429836697048 0.11454544067382813 0.18614569769965278
0 0.4614344783715013 0.7961549335595136 0.0743479643765904 0.22123268306474395
0 0.6337320645650227 0.054454867045084634 0.09994665781656902 0.10754814147949218
0 0.28570717798019535 0.8200515988224816 0.06960682523936201 0.1310092877532367
0 0.8548677374893979 0.7189426067288662 0.15465966921119592 0.1703420978230139
0 0.2685404835077681 0.6694372058330619 0.1076121374989967 0.16287780437180657
0 0.8741739821494687 0.10938420844408357 0.10367175580284377 0.20517843072280254
0 0.8845561712063382 0.9546897087927623 0.09759516684015732 0.08876873056262372