0 0.3307402769724528 0.615746420401114 0.05510002772013346 0.15214702464916088
0 0.3433583577473958 0.9051072862413194 0.05146465301513672 0.13325602213541668
0 0.6600752194722493 0.595375739203559 0.08440837860107422 0.09107089572482639
0 0.47671213150024416 0.4724094390869141 0.07172508239746093 0.08938522338867187
0 0.3097304979960124 0.30652150754575375 0.08365122477213542 0.0938155280219184
0 0.454771900177002 0.7180996082447193 0.06583003997802735 0.14114566379123264
0 0.8653173446655273 0.7829032050238716 0.052166748046875 0.10031365288628472
0 0.3126747449239095 0.796960957845052 0.061287307739257814 0.08315056694878473
0 0.43176315625508627 0.07457131103233054 0.07406867345174153 0.08421395266497576
0 0.3984925905863444 0.5965973748101129 0.05079046885172526 0.15077158610026042
0 0.06671872536341349 0.15557861328125 0.04941349824269613 0.10166049533420139
0 0.6180464659685863 0.08309094434748888 0.06326352530540996 0.09744037230948224