0 0.3307402769724528 0.384253579598886 0.05510002772013346 0.15214702464916088
0 0.3433583577473958 0.09489271375868055 0.05146465301513672 0.13325602213541668
0 0.6600752194722493 0.404624260796441 0.08440837860107422 0.09107089572482639
0 0.47671213150024416 0.527590560913086 0.07172508239746093 0.08938522338867187
0 0.3097304979960124 0.6934784924542462 0.08365122477213542 0.0938155280219184
0 0.454771900177002 0.28190039175528064 0.06583003997802735 0.14114566379123264
0 0.8653173446655273 0.21709679497612847 0.052166748046875 0.10031365288628472
0 0.3126747449239095 0.20303904215494792 0.061287307739257814 0.08315056694878473
0 0.43176315625508627 0.9254286889676695 0.07406867345174153 0.08421395266497576
0 0.3984925905863444 0.4034026251898872 0.05079046885172526 0.15077158610026042
0 0.06671872536341349 0.84442138671875 0.04941349824269613 0.10166049533420139
0 0.6180464659685863 0.9169090556525111 0.06326352530540996 0.09744037230948221