0 0.7214240709940593 0.27489327324761287 0.07002773284912109 0.08553687201605903
0 0.6816963831583659 0.3546688786259404 0.07683245340983073 0.08380381266276042
0 0.5221977392832439 0.6558093600802951 0.048183409372965495 0.0886932373046875
0 0.37632277806599934 0.42005818684895835 0.04869213104248047 0.11600341796875
0 0.6686975161234537 0.7132670508490668 0.07074222564697266 0.0902603997124566
0 0.5170090516408284 0.5417373374656395 0.06394688288370769 0.09211838333695023
0 0.4385490417480469 0.6202541068748192 0.04003696441650391 0.1292134885434751
0 0.651848824818929 0.6228923515037253 0.04614480336507162 0.1377889279966001
0 0.7347756385803222 0.4090110496238426 0.06060924530029297 0.06895152904369213
0 0.1975192705790202 0.2817330537018953 0.04635601043701172 0.14201937075014467
0 0.21238831679026285 0.08052130805121528 0.06294891039530436 0.10174831814236111
0 0.6224815050760905 0.4674267380325883 0.04443225860595703 0.12832565307617189
0 0.27585349082946775 0.2643071492513021 0.06974897384643555 0.09528740776909722
0 0.7376393953959147 0.4914009518093533 0.050791358947753905 0.09329757690429688
0 0.14730094671249389 0.6683028327094184 0.040604901313781736 0.10246395534939236
0 0.34336787859598794 0.6905442838315611 0.04881582260131836 0.0833958661114728
0 0.7503743807474772 0.08488258079246239 0.06061573028564453 0.07838603832103588
0 0.8166759490966797 0.47119734022352433 0.08019332885742188 0.06969061957465278
0 0.834397570292155 0.14336869981553818 0.06088333129882813 0.07438930935329861
0 0.7993844032287598 0.09528274536132812 0.04057292938232422 0.0840699937608507
0 0.8440775871276855 0.25160607231987847 0.06121616363525391 0.08067559136284722
0 0.8893364906311035 0.1081489845558449 0.04768695831298828 0.06354777018229167
0 0.4607813835144043 0.8992055292482729 0.061393356323242186 0.07130206779197411
0 0.8117068926493327 0.5449281339292174 0.0718393325805664 0.06431237679940682
0 0.8815903345743815 0.21949734157986112 0.04402580261230469 0.08420681423611111
0 0.8218452453613281 0.0643961023401331 0.037969970703125 0.08540931984230324
0 0.8811909579726124 0.17020380108725103 0.04743482599813452 0.08052126319880762
0 0.7621633211771647 0.03062252468532986 0.05998210906982422 0.05951911078559028
0 0.9283758799235026 0.06485680474175347 0.043878173828125 0.07255757649739583
0 0.3432066281636556 0.8130658538253219 0.031184577941894533 0.08722750345865886
0 0.38345634798524236 0.9254906321328784 0.043367722425511346 0.06965365636916385
0 0.9171799533581608 0.1405626098525166 0.03508741994383466 0.09806349281701235
0 0.37822420634920634 0.9754556143445031 0.06200396825396837 0.04908877131099374