0 0.7214240709940593 0.7251067267523872 0.07002773284912109 0.08553687201605903
0 0.6816963831583659 0.6453311213740596 0.07683245340983073 0.08380381266276042
0 0.5221977392832439 0.3441906399197049 0.048183409372965495 0.0886932373046875
0 0.37632277806599934 0.5799418131510417 0.04869213104248047 0.11600341796875
0 0.6686975161234537 0.28673294915093317 0.07074222564697266 0.0902603997124566
0 0.5170090516408284 0.45826266253436054 0.06394688288370769 0.09211838333695023
0 0.4385490417480469 0.37974589312518087 0.04003696441650391 0.1292134885434751
0 0.651848824818929 0.3771076484962746 0.04614480336507162 0.1377889279966001
0 0.7347756385803222 0.5909889503761574 0.06060924530029297 0.06895152904369213
0 0.1975192705790202 0.7182669462981047 0.04635601043701172 0.14201937075014467
0 0.21238831679026285 0.9194786919487847 0.06294891039530436 0.10174831814236111
0 0.6224815050760905 0.5325732619674117 0.04443225860595703 0.12832565307617189
0 0.27585349082946775 0.735692850748698 0.06974897384643555 0.09528740776909722
0 0.7376393953959147 0.5085990481906467 0.050791358947753905 0.09329757690429688
0 0.14730094671249389 0.3316971672905816 0.040604901313781736 0.10246395534939236
0 0.34336787859598794 0.3094557161684389 0.04881582260131836 0.0833958661114728
0 0.7503743807474772 0.9151174192075376 0.06061573028564453 0.07838603832103588
0 0.8166759490966797 0.5288026597764757 0.08019332885742188 0.06969061957465278
0 0.834397570292155 0.8566313001844618 0.06088333129882813 0.07438930935329861
0 0.7993844032287598 0.9047172546386719 0.04057292938232422 0.0840699937608507
0 0.8440775871276855 0.7483939276801215 0.06121616363525391 0.08067559136284722
0 0.8893364906311035 0.8918510154441551 0.04768695831298828 0.06354777018229167
0 0.4607813835144043 0.10079447075172707 0.061393356323242186 0.07130206779197411
0 0.8117068926493327 0.4550718660707827 0.0718393325805664 0.06431237679940682
0 0.8815903345743815 0.7805026584201389 0.04402580261230469 0.08420681423611111
0 0.8218452453613281 0.9356038976598668 0.037969970703125 0.08540931984230324
0 0.8811909579726124 0.8297961989127489 0.04743482599813452 0.08052126319880762
0 0.7621633211771647 0.9693774753146701 0.05998210906982422 0.05951911078559028
0 0.9283758799235026 0.9351431952582465 0.043878173828125 0.07255757649739583
0 0.3432066281636556 0.1869341461746781 0.031184577941894533 0.08722750345865886
0 0.38345634798524236 0.07450936786712162 0.043367722425511346 0.06965365636916387
0 0.9171799533581608 0.8594373901474834 0.03508741994383466 0.09806349281701235
0 0.37822420634920634 0.02454438565549677 0.06200396825396837 0.04908877131099354