0 0.8022562742233277 0.5826091483787253 0.04852538108825684 0.12096113982024016
0 0.13741226196289064 0.1186999003092448 0.052702713012695315 0.08453487820095486
0 0.7704052289326986 0.9351488007439508 0.07635930379231771 0.08775098588731554
0 0.7955369313557943 0.6852698432074653 0.06505861282348632 0.0861757066514757
0 0.7713123321533203 0.7727206406769929 0.0714447021484375 0.10012680336281106
0 0.335994021097819 0.19679955376519098 0.04849815368652344 0.13811475965711806
0 0.36713829040527346 0.32115427652994794 0.051047134399414065 0.1334136962890625
0 0.21454203923543294 0.3094998112431279 0.04453601837158203 0.11902008056640626
0 0.18420146306355795 0.20774250736942998 0.085597292582194 0.08393469916449653
0 0.7088467200597127 0.5328463660346137 0.052911933263142905 0.10981369018554688
0 0.552310053507487 0.4865086590802228 0.058725166320800784 0.12107481779875578
0 0.5161904725058987 0.6278994400669716 0.05557834453898399 0.17765335872601054
0 0.48477325439453123 0.7323970582750109 0.09835853576660156 0.08091502719455296
0 0.15784263610839844 0.28634524875217016 0.05341796875 0.10998162163628472
0 0.12069867451985677 0.056476932101779516 0.044518661499023435 0.11295386420355903
0 0.9052734375 0.08912037037037036 0.06510416666666667 0.16435185185185186
0 0.9278303503990173 0.2720157199435764 0.06013062000274658 0.1653167724609375
0 0.985321416457494 0.9613842646280925 0.029250045617421467 0.0772314707438151
0 0.17654857635498047 0.03532347502531829 0.038822174072265625 0.07064695005063658
0 0.6202050264550265 0.8980011757789536 0.07010582010582003 0.07995296884185765
0 0.12838848554171042 0.2690505220679476 0.033737852634527596 0.0908608504509994
0 0.45782814025878904 0.9502238379584418 0.041458511352539064 0.09955232408311632
0 0.2843837102254232 0.8451006571451823 0.04765192667643229 0.11769977145724826
0 0.9415509259259259 0.4581128747795415 0.05803571428571435 0.13021751910640786
0 0.6818783068783069 0.7549970605526162 0.06878306878306878 0.1184597295708407
0 0.5491071428571428 0.9710464432686655 0.04431216931216924 0.05790711346266901