0 0.6092305660247803 0.7517422146267361 0.0636214256286621 0.13368971082899306
0 0.3828609784444173 0.48319789745189523 0.05708026885986328 0.12187211778428819
0 0.3305157343546549 0.391396247016059 0.0756097157796224 0.1041688707139757
0 0.3081401507059733 0.2837579020747432 0.05498154958089193 0.11571009600604022
0 0.6319445927937826 0.35594667505334926 0.08437391916910807 0.08530496667932581
0 0.5856860319773356 0.4055649651421441 0.05980539321899414 0.12074466281467014
0 0.5187060356140136 0.7927471302173755 0.08286018371582031 0.08612043592664931
0 0.555645751953125 0.49268230862087675 0.07505588531494141 0.08979102240668403
0 0.1508939743041992 0.7433034261067708 0.0549652099609375 0.11087171766493055
0 0.3405044873555501 0.7052522447374132 0.054532305399576826 0.1454559326171875
0 0.3138504346211751 0.11129902380484122 0.056949551900227866 0.09922510076452185
0 0.940633429090182 0.41062071058485244 0.06231736540794373 0.1418672349717882
0 0.5120738029479981 0.3593226114908854 0.06747455596923828 0.13306104871961805
0 0.1402759552001953 0.9143476415563513 0.08147125244140625 0.10075711850766782
0 0.2819944699605306 0.8565987481011285 0.059514427185058595 0.14036390516493055
0 0.38316273967834685 0.3755508186890907 0.06889206011270729 0.08795907281654947
0 0.45741758346557615 0.26158806836163556 0.050253105163574216 0.1267116829201027
0 0.507388973236084 0.03670705159505208 0.07269783020019531 0.07341410319010416
0 0.40966899745402496 0.3015565156198665 0.059144233718271266 0.12718176856495444
0 0.479582405090332 0.9501519944932726 0.07267608642578124 0.09969601101345486
0 0.4897979736328125 0.19951144324408637 0.04546432495117188 0.144127443101671
0 0.711794376373291 0.03617336485120985 0.04426383972167969 0.0723467297024197
0 0.3431959788004557 0.04693196614583333 0.04799919128417969 0.08854730394151476
0 0.7658486922581991 0.02353898154364692 0.05210375785827637 0.04707796308729384
0 0.3236146907216496 0.9342783505154639 0.05611039518900327 0.1140702558228331
0 0.09299828178694156 0.8858342878961436 0.05342568728522347 0.1307751050019091
0 0.8675365120274915 0.8354810996563574 0.09262242268041235 0.13793432607865608
0 0.6731636597938144 0.23291332569683088 0.081346649484536 0.10404734631538756
0 0.08025691295293408 0.9615454371897671 0.06172629436904629 0.07505727376861378
0 0.3597240120274915 0.9065960290187095 0.06067439862542964 0.12170675830469649