0 0.7792655309041341 0.8412794325086805 0.050701014200846356 0.12721421983506945
0 0.5504873911539714 0.6044521473072193 0.08667093912760417 0.10057559543185764
0 0.4125547409057617 0.42645814683702254 0.062177848815917966 0.14953189425998265
0 0.7225317319234212 0.23833122253417968 0.050617917378743486 0.12912656995985244
0 0.23037347793579102 0.8421890823929398 0.06538677215576172 0.11866319444444444
0 0.47458510398864745 0.8270134537308305 0.06376676559448242 0.15361141628689237
0 0.16352448066075642 0.9197450143319589 0.060830156008402504 0.1510904382776331
0 0.09222307602564493 0.6811213175455729 0.05616203149159749 0.13916049533420138
0 0.46022094090779625 0.9515560574001736 0.06905040740966797 0.094989013671875
0 0.5326656977335612 0.1871051929615162 0.05772349039713542 0.11174666793258102
0 0.18772785663604735 0.7793284946017796 0.050127172470092775 0.15790930853949653
0 0.03745721464668398 0.6837849261074664 0.05306128244022112 0.1296133642584449
0 0.19511914253234863 0.37711269237377026 0.05428752899169922 0.17275136311848957
0 0.9152857780456543 0.945078870985243 0.08046588897705079 0.09859212239583333
0 0.05731939673423767 0.7640127393934462 0.051828205585479736 0.11511925591362847
0 0.38988517992424243 0.12384259259259256 0.08315577651515156 0.09627525252525254