0 0.2207344690958659 0.15872056749131944 0.050701014200846356 0.12721421983506945
0 0.44951260884602867 0.39554785269278064 0.08667093912760417 0.10057559543185764
0 0.5874452590942383 0.5735418531629775 0.062177848815917966 0.14953189425998265
0 0.27746826807657876 0.7616687774658203 0.050617917378743486 0.12912656995985244
0 0.769626522064209 0.15781091760706017 0.06538677215576172 0.11866319444444444
0 0.5254148960113525 0.17298654626916957 0.06376676559448242 0.15361141628689237
0 0.8364755193392436 0.08025498566804108 0.060830156008402504 0.1510904382776331
0 0.907776923974355 0.3188786824544271 0.05616203149159749 0.13916049533420138
0 0.5397790590922038 0.04844394259982639 0.06905040740966797 0.094989013671875
0 0.4673343022664388 0.8128948070384838 0.05772349039713542 0.11174666793258102
0 0.8122721433639526 0.22067150539822047 0.050127172470092775 0.15790930853949653
0 0.962542785353316 0.3162150738925336 0.053061282440221194 0.1296133642584449
0 0.8048808574676514 0.6228873076262298 0.05428752899169922 0.17275136311848957
0 0.0847142219543457 0.054921129014756945 0.08046588897705079 0.09859212239583333
0 0.9426806032657623 0.2359872606065538 0.051828205585479736 0.11511925591362847
0 0.6101148200757576 0.8761574074074074 0.08315577651515156 0.09627525252525254