0 0.4675631523132324 0.4834825162534361 0.049132919311523436 0.11061652854636864
0 0.2779107491175334 0.05437226825290256 0.04264187812805176 0.10874453650580512
0 0.5181899070739746 0.8683765552662037 0.05789890289306641 0.1128048366970486
0 0.5515342553456625 0.3352917989095052 0.05351463953653971 0.11124352349175347
0 0.28441704909006754 0.9147343670880353 0.05406826337178548 0.09428298385054977
0 0.5166834831237793 0.7440493830928097 0.07777996063232422 0.08179914686414931
0 0.3750695069630941 0.4372182916711878 0.04278128941853841 0.16667104650426795
0 0.15266086657842 0.7768707275390625 0.05718688170115153 0.13588494194878473
0 0.6050072987874349 0.6331350538465712 0.04471397399902344 0.14392140706380208
0 0.19209991296132406 0.8161005655924479 0.07116634051005045 0.076824951171875
0 0.6036174774169922 0.04161945272375036 0.05737380981445313 0.08323890544750072
0 0.7039131800333659 0.7393148634168837 0.04297981262207031 0.12982025146484374
0 0.2314448356628418 0.9493915134006077 0.04033708572387695 0.10121697319878473
0 0.5676506678263347 0.6643855059588397 0.040679931640625 0.16865680835865163
0 0.5975754737854004 0.26817686292860243 0.05815601348876953 0.09629804823133681
0 0.7587701797485351 0.7196548461914063 0.06254806518554687 0.08155280219184027
0 0.032271772623062134 0.39490924411349826 0.06395097970962524 0.06186269124348958
0 0.8087813377380371 0.43377685546875 0.03880367279052734 0.11772800021701389
0 0.7809256235758464 0.35856094360351565 0.0498626708984375 0.0933744642469618