0 0.4638211435989427 0.5907893169293481 0.09581791025084503 0.1968088173131788
0 0.674293327331543 0.33005378158004195 0.09853973388671874 0.1553330315483941
0 0.6461070060729981 0.7921108669704862 0.11731548309326172 0.15403679741753473
0 0.8550893783569335 0.4647893128571687 0.11118736267089843 0.1353676407425492
0 0.6161024729410808 0.4316615493209274 0.12887153625488282 0.14915734750253182
0 0.20099639892578125 0.2981862315425166 0.06604690551757812 0.15920179861563225
0 0.3220409870147705 0.23118635813395183 0.08208246231079101 0.20099466111924913
0 0.7568510055541993 0.2970405790540907 0.07845954895019532 0.21145608690049914
0 0.7888152758280437 0.09460575315687392 0.08799304962158203 0.18393082088894314
0 0.5792056083679199 0.5654057679352937 0.09664478302001953 0.19858887283890336
0 0.49177754720052086 0.7879457261827257 0.11621920267740886 0.18503282335069443
0 0.19300553631364253 0.7303100927996123 0.07040340105692545 0.14951626664249054
0 0.9699942588806152 0.15315091874864367 0.06001148223876953 0.14148097568088108
0 0.7714433352152507 0.8831624914098669 0.10564403533935547 0.15267006202980324
0 0.9627574602762858 0.8962470443160445 0.06788654327392578 0.19644701922381366
0 0.2855459372202555 0.10727057986789279 0.07795782089233398 0.21219317118326822
0 0.15762914397940989 0.540672089347807 0.07344849152116067 0.20079569127689767
0 0.0884239842587171 0.8615994420089536 0.08059946138910788 0.1251915625033803
0 0.28159570700615266 0.7490846980174257 0.08647963861927353 0.20943294314643532
0 0.06906462766671108 0.9160768819870359 0.07295207464806384 0.16721779997268751
0 0.5193733307353238 0.0341130604288499 0.07364368940654546 0.0682261208576998
0 0.2570684712487061 0.5956680224185951 0.17363718030960526 0.15369319492889164
0 0.428353142812616 0.10059709241952232 0.11773880783271196 0.20119418483904464