0 0.5324368476867676 0.5165174837465639 0.049132919311523436 0.11061652854636864
0 0.7220892508824667 0.9456277317470975 0.04264187812805176 0.10874453650580512
0 0.4818100929260254 0.1316234447337963 0.05789890289306641 0.1128048366970486
0 0.4484657446543376 0.6647082010904948 0.05351463953653971 0.11124352349175347
0 0.7155829509099324 0.08526563291196469 0.05406826337178548 0.09428298385054977
0 0.4833165168762207 0.2559506169071904 0.07777996063232422 0.08179914686414931
0 0.624930493036906 0.5627817083288122 0.04278128941853841 0.16667104650426795
0 0.84733913342158 0.2231292724609375 0.05718688170115153 0.13588494194878473
0 0.3949927012125651 0.3668649461534288 0.04471397399902344 0.14392140706380208
0 0.807900087038676 0.18389943440755208 0.07116634051005045 0.076824951171875
0 0.3963825225830078 0.9583805472762497 0.05737380981445313 0.08323890544750072
0 0.2960868199666341 0.2606851365831163 0.04297981262207031 0.12982025146484374
0 0.7685551643371582 0.05060848659939236 0.04033708572387695 0.10121697319878473
0 0.4323493321736654 0.3356144940411603 0.040679931640625 0.16865680835865163
0 0.4024245262145996 0.7318231370713976 0.05815601348876953 0.09629804823133681
0 0.24122982025146483 0.28034515380859376 0.06254806518554687 0.08155280219184027
0 0.9677282273769379 0.6050907558865017 0.06395097970962524 0.06186269124348958
0 0.19121866226196288 0.56622314453125 0.03880367279052734 0.11772800021701389
0 0.21907437642415364 0.6414390563964844 0.0498626708984375 0.0933744642469618