0 0.7725125948588053 0.6488411797417535 0.050226020812988284 0.12537095811631943
0 0.23432936668395996 0.3704819432011357 0.050834274291992186 0.10947274102105034
0 0.31448281606038414 0.7335956149631077 0.050934219360351564 0.12613016764322918
0 0.6602930068969727 0.588057369656033 0.05558509826660156 0.09670562744140625
0 0.6789722124735514 0.39022157457139756 0.07448050181070963 0.0891452365451389
0 0.5199554443359375 0.4362436365198206 0.0483673095703125 0.14521653917100694
0 0.6731512387593587 0.2664536582099067 0.055758730570475264 0.11335326300726997
0 0.819503370920817 0.7459183586968317 0.05667883555094401 0.08754831949869792
0 0.7308413505554199 0.4789033536557798 0.04428730010986328 0.15853534274631076
0 0.7665438652038574 0.3147439886022497 0.04573345184326172 0.12263350310149017
0 0.8344528198242187 0.8288838704427083 0.05265312194824219 0.08603312174479166
0 0.3442270119984945 0.33279849864818434 0.045296764373779295 0.09060711330837673
0 0.394750722249349 0.4173296469229239 0.04182300567626953 0.16779104162145544
0 0.483624267578125 0.34821980794270835 0.07780017852783203 0.08038126627604167
0 0.7014184951782226 0.21040267944335939 0.04146881103515625 0.1134062025282118
0 0.7551283836364746 0.411767578125 0.050240516662597656 0.11757592095269097
0 0.5885334650675456 0.035259373982747394 0.07260551452636718 0.07051874796549479
0 0.3290374755859375 0.2519281881826895 0.07157173156738281 0.07856888947663483
0 0.502244218190511 0.20592688807734735 0.07438398996988932 0.10089923717357495
0 0.43296688397725425 0.07434638782783791 0.043949031829833986 0.10113720187434444
0 0.4745849609375 0.1194461363333243 0.058113479614257814 0.06918135042543765
0 0.35975470542907717 0.06220063986601653 0.05949258804321289 0.08413772229795102
0 0.6862130165100098 0.13873396979437935 0.06934337615966797 0.07674475775824653
0 0.5160932540893555 0.7043330722384983 0.07919158935546874 0.07104543050130209
0 0.9501556396484375 0.955387200249566 0.04636383056640625 0.08922559950086806
0 0.8060241381327311 0.4287685818142361 0.05231342315673828 0.07903035481770833
0 0.831334114074707 0.5244888870804398 0.04691162109375 0.1006946705005787
0 0.8303077379862468 0.631779451723452 0.051549339294433595 0.11335974799262152
0 0.8863416518288098 0.7879312439744347 0.04706795352628864 0.12073712890936829
0 0.9196412535919541 0.8875119731800767 0.0817169540229886 0.06325830140485314
0 0.9004467492816093 0.6991339399744573 0.030531609195402373 0.09678320561941257
0 0.8667526245117188 0.717332430239077 0.03646659851074219 0.1651952107747396
0 0.5017850084765874 0.16011866552532475 0.08030347751297112 0.051789493900522364
0 0.6481014251708984 0.05229412582185533 0.06773643493652344 0.08648633162180583
0 0.8645833333333335 0.5441810344827586 0.035807291666666664 0.09179438058748407
0 0.9307538613505748 0.770374361430396 0.04961386494252859 0.0704422094508301
0 0.9206514906609196 0.8273467432950191 0.06465517241379312 0.05467752234993626