0 0.08914349873860677 0.7079001956515842 0.10881080627441406 0.12030003865559896
0 0.5691602389017741 0.08161898012514468 0.0731649398803711 0.16323796025028936
0 0.5458236694335937 0.7398484971788194 0.08951225280761718 0.17002326117621527
0 0.0339167594909668 0.06754082573784723 0.0678335189819336 0.13296915690104166
0 0.9227868795394898 0.06345893012152778 0.10312004089355468 0.12691786024305557
0 0.03437881469726563 0.9310685581631131 0.06875762939453126 0.13507116105821398
0 0.17723592122395834 0.8622099982367621 0.08375129699707032 0.21424119737413194
0 0.3819956143697103 0.4453491493507668 0.11769123077392578 0.15847049289279513
0 0.630119940342794 0.4586723389111908 0.0904720689807533 0.14847275246190664
0 0.03674612045288086 0.5921941262704354 0.07349224090576172 0.1390450089066117
0 0.7410430908203125 0.051196712917751734 0.09317378997802735 0.10239342583550347
0 0.8479444026947022 0.1960050794813368 0.10416603088378906 0.14843614366319444
0 0.7079588969548544 0.914263637860616 0.07041347821553548 0.16894000901116266
0 0.8600388765335083 0.3121395817509404 0.0761486530303955 0.15133209228515626
0 0.7897850354512532 0.5967169867621528 0.09055633544921875 0.10804206000434027
0 0.6387166409854358 0.8557664138935637 0.07414317630324424 0.22322030777431928
0 0.6622664559585144 0.6024782880201224 0.1356811307465454 0.14205015817199476
0 0.7043769915898641 0.13802897135416667 0.11059711774190267 0.14377543131510417
0 0.5519846121470133 0.8770362889325177 0.09926684697469075 0.14291789443404587
0 0.4006251017252604 0.3016986705638744 0.12758407592773438 0.14951324462890625
0 0.44074649810791017 0.5245211142080801 0.10469894409179688 0.18026069358543115
0 0.029213142395019532 0.24274651242721376 0.057384618123372394 0.17748416129000855
0 0.39502066134193164 0.6651925692829265 0.12050257044590751 0.12692331492580664
0 0.8113072519083969 0.47420130053717846 0.12285305343511439 0.14277636415041
0 0.3332280476888021 0.9104707647252965 0.0689849853515625 0.17795737937644676
0 0.7275248958257622 0.4753705392222233 0.08287959766145268 0.2379781751603031
0 0.4941940943400065 0.9598104159037272 0.0820135752360026 0.08037916819254558
0 0.4128637566137565 0.9713403880070547 0.09027777777777762 0.05555555555555555