0 0.5361788564010573 0.4092106830706519 0.09581791025084503 0.1968088173131788
0 0.32570667266845704 0.669946218419958 0.09853973388671874 0.1553330315483941
0 0.35389299392700196 0.2078891330295139 0.11731548309326172 0.15403679741753473
0 0.1449106216430664 0.5352106871428313 0.11118736267089843 0.1353676407425492
0 0.3838975270589193 0.5683384506790726 0.12887153625488282 0.14915734750253182
0 0.7990036010742188 0.7018137684574833 0.06604690551757812 0.15920179861563225
0 0.6779590129852295 0.7688136418660482 0.08208246231079101 0.20099466111924913
0 0.2431489944458008 0.7029594209459092 0.07845954895019532 0.21145608690049914
0 0.21118472417195638 0.9053942468431261 0.08799304962158203 0.18393082088894314
0 0.4207943916320801 0.4345942320647063 0.09664478302001953 0.19858887283890336
0 0.5082224527994792 0.21205427381727432 0.11621920267740886 0.18503282335069443
0 0.8069944636863575 0.26968990720038766 0.07040340105692545 0.14951626664249054
0 0.030005741119384765 0.8468490812513564 0.06001148223876953 0.14148097568088108
0 0.22855666478474934 0.1168375085901331 0.10564403533935547 0.15267006202980324
0 0.03724253972371419 0.10375295568395544 0.06788654327392578 0.19644701922381366
0 0.7144540627797444 0.8927294201321072 0.07795782089233398 0.21219317118326822
0 0.8423708560205901 0.4593279106521931 0.07344849152116074 0.20079569127689773
0 0.9115760157412829 0.13840055799104642 0.0805994613891078 0.1251915625033803
0 0.7184042929938473 0.25091530198257433 0.08647963861927366 0.20943294314643532
0 0.9309353723332889 0.08392311801296412 0.07295207464806382 0.16721779997268751
0 0.4806266692646763 0.9658869395711501 0.07364368940654546 0.06822612085769984
0 0.7429315287512939 0.40433197758140493 0.17363718030960532 0.15369319492889164
0 0.571646857187384 0.8994029075804776 0.11773880783271196 0.20119418483904475