0 0.7643927256266276 0.5041302151150173 0.06766128540039062 0.09105088975694445
0 0.18651947180430095 0.7863043891059027 0.06618323326110839 0.09361538357204861
0 0.8481601715087891 0.7805343627929687 0.053687667846679686 0.14667188856336805
0 0.8059159278869629 0.5891923975061487 0.05717029571533203 0.08797466136791088
0 0.039691153168678286 0.7466632419162327 0.046598905324935914 0.12897813585069445
0 0.20832135677337646 0.05578207793059172 0.044317770004272464 0.11156415586118344
0 0.09256283044815064 0.7861423633716724 0.05154340267181397 0.13147074381510418
0 0.5246241887410482 0.9502981115270543 0.05356928507486979 0.09538585521556713
0 0.6271866798400879 0.5997487386067708 0.04334888458251953 0.1481662326388889
0 0.6784164110819498 0.19507384830050997 0.08440532684326171 0.08362354702419705
0 0.3050575097401937 0.3567623562282986 0.04773359298706055 0.1432222154405382
0 0.05453053911526998 0.6030091744882089 0.0415306289990743 0.09759538438585069
0 0.5089447816212972 0.7448586075394242 0.07663571039835612 0.09055396185980903
0 0.15440611441930135 0.6604398656774451 0.0582543134689331 0.11784278021918403
0 0.2532149950663249 0.04187621010674371 0.039544868469238284 0.08375242021348742
0 0.5114069779713949 0.8671869913736979 0.07934300104777019 0.0724639892578125
0 0.3887550989786784 0.06042479055899161 0.05274327596028646 0.12084958111798322
0 0.49637527465820314 0.47906672159830727 0.059499931335449216 0.12135297987196181
0 0.17069362004597982 0.9381076388888889 0.0688086191813151 0.09501681857638888
0 0.8820398330688477 0.956825934516059 0.06439247131347656 0.08634813096788195
0 0.8559951782226562 0.6020176075122975 0.04828224182128906 0.09016384548611112
0 0.879261589050293 0.700210373489945 0.04340438842773438 0.11395031964337385
0 0.10795461734135946 0.03940956680862992 0.039771660168965654 0.07881913361725984
0 0.28770171801249184 0.27434907842565465 0.038415050506591795 0.09350787975169994
0 0.8187666575113932 0.42847670095938223 0.047977447509765625 0.08165902031792535
0 0.8316039085388184 0.9714792887369792 0.04376659393310547 0.05704142252604167
0 0.40035712535564716 0.48009753104967945 0.05625690313485947 0.13453428262998587
0 0.3767548084259033 0.4296310283519604 0.04729509353637695 0.16206317477756077
0 0.3153883420504056 0.10609101053656335 0.06633870051457318 0.08055302166191601
0 0.9261902454184051 0.7732802865266034 0.07624709227190513 0.15100356790716057
0 0.9093525381850853 0.6593540980333433 0.043660152740341594 0.12878107217729848