0 0.7643927256266276 0.4958697848849826 0.06766128540039062 0.09105088975694445
0 0.18651947180430095 0.21369561089409722 0.06618323326110839 0.09361538357204861
0 0.8481601715087891 0.21946563720703124 0.053687667846679686 0.14667188856336805
0 0.8059159278869629 0.4108076024938513 0.05717029571533203 0.08797466136791088
0 0.039691153168678286 0.2533367580837674 0.046598905324935914 0.12897813585069445
0 0.20832135677337646 0.9442179220694082 0.044317770004272464 0.11156415586118344
0 0.09256283044815064 0.21385763662832755 0.05154340267181397 0.13147074381510418
0 0.5246241887410482 0.0497018884729456 0.05356928507486979 0.09538585521556713
0 0.6271866798400879 0.40025126139322914 0.04334888458251953 0.1481662326388889
0 0.6784164110819498 0.80492615169949 0.08440532684326171 0.08362354702419705
0 0.3050575097401937 0.6432376437717013 0.04773359298706055 0.1432222154405382
0 0.05453053911526998 0.3969908255117911 0.0415306289990743 0.09759538438585069
0 0.5089447816212972 0.2551413924605758 0.07663571039835612 0.09055396185980903
0 0.15440611441930135 0.339560134322555 0.0582543134689331 0.11784278021918403
0 0.2532149950663249 0.9581237898932563 0.039544868469238284 0.08375242021348742
0 0.5114069779713949 0.13281300862630208 0.07934300104777019 0.0724639892578125
0 0.3887550989786784 0.9395752094410084 0.05274327596028646 0.12084958111798322
0 0.49637527465820314 0.5209332784016927 0.059499931335449216 0.12135297987196181
0 0.17069362004597982 0.06189236111111111 0.0688086191813151 0.09501681857638888
0 0.8820398330688477 0.043174065483940975 0.06439247131347656 0.08634813096788195
0 0.8559951782226562 0.39798239248770256 0.04828224182128906 0.09016384548611112
0 0.879261589050293 0.299789626510055 0.04340438842773438 0.11395031964337385
0 0.10795461734135946 0.96059043319137 0.039771660168965654 0.07881913361725984
0 0.28770171801249184 0.7256509215743453 0.038415050506591795 0.09350787975169994
0 0.8187666575113932 0.5715232990406177 0.047977447509765625 0.08165902031792535
0 0.8316039085388184 0.028520711263020835 0.04376659393310547 0.05704142252604167
0 0.40035712535564716 0.5199024689503206 0.05625690313485947 0.13453428262998587
0 0.3767548084259033 0.5703689716480397 0.04729509353637695 0.16206317477756077
0 0.3153883420504056 0.8939089894634367 0.06633870051457318 0.0805530216619161
0 0.9261902454184051 0.2267197134733966 0.07624709227190513 0.15100356790716057
0 0.9093525381850853 0.3406459019666567 0.043660152740341594 0.12878107217729848