0 0.1999094327290853 0.6192532292118779 0.04574591318766276 0.13111871790002894
0 0.2890554110209147 0.17136349148220487 0.04802023569742839 0.1032838609483507
0 0.6125626722971599 0.37172474331325955 0.0433751106262207 0.15349739922417535
0 0.17174847920735678 0.8514366997612848 0.06878166198730469 0.09294026692708333
0 0.6495533466339112 0.7815101623535157 0.04809370040893555 0.13815867106119792
0 0.6676995587988375 0.3981586651174806 0.075281780432924 0.09129441944575407
0 0.6906756401062012 0.6838923136393229 0.06835765838623047 0.08209601508246528
0 0.4403244972229004 0.503680094966182 0.04815959930419922 0.13470693517614293
0 0.6087896823883057 0.5665015326605902 0.08123693466186524 0.07116326226128472
0 0.47542179425557457 0.049750730726453994 0.045309988657633464 0.09950146145290799
0 0.9631004095077514 0.4302514394124349 0.06880254745483398 0.11903745863172743
0 0.6505810578664144 0.29034868876139325 0.05237938563028972 0.12357067532009548
0 0.5656258583068847 0.3964526847556785 0.04712200164794922 0.16516008730287904
0 0.435497776667277 0.11891551194367585 0.06497761408487955 0.08537821593108001
0 0.35397682189941404 0.28657201131184895 0.05230903625488281 0.13978644476996527
0 0.47301313082377117 0.3496500651041667 0.07262856165568034 0.07596266004774306
0 0.8751457174619038 0.9065716213650173 0.05291718641916911 0.09216817220052083
0 0.46966161727905276 0.2386685124150029 0.08670520782470703 0.08772780806929976
0 0.9092677257048389 0.7107806847699595 0.06307830520407857 0.14290175754697387
0 0.4936647574106852 0.8930815802680121 0.0802674929300944 0.09604339599609375
0 0.6593576908111572 0.1815636952718099 0.06728429794311523 0.07121124267578124
0 0.888880709807078 0.7465786121509693 0.08083349068959554 0.09890662299262153
0 0.611813465754191 0.489524163140191 0.08445959091186524 0.07482198079427084
0 0.4104644815757792 0.20966211551080935 0.04911071938812436 0.11538537152720367
0 0.978235611319542 0.05064253100642452 0.042831200361251834 0.09776475341231734
0 0.34082622528076173 0.7177332560221354 0.07376747131347657 0.07413703070746527
0 0.5249795913696289 0.09054357387401439 0.060094261169433595 0.10319714722809968
0 0.8716395775477092 0.8068227979871961 0.09668946266174316 0.0728056165907118
0 0.6423083782196045 0.11856180826822917 0.05560579299926758 0.06531778971354167
0 0.12217282492016987 0.7557998293922061 0.06021784222315223 0.08302823021298351
0 0.30921319325764973 0.04715115185137148 0.06587295532226563 0.08556386541437219
0 0.1908646583557129 0.41240564982096356 0.05116825103759766 0.13045230441623265
0 0.5302523771921793 0.37156592475043404 0.03886880874633789 0.08550448947482639
0 0.32829310099283854 0.8116324530707465 0.082025146484375 0.09306776258680556
0 0.3744812506216544 0.11794367907399084 0.05517943246023999 0.12213733321004304
0 0.35616868336995444 0.8962343851725261 0.05253257751464844 0.09600711398654514
0 0.09663810729980468 0.8215591430664062 0.05508689880371094 0.08414340549045139
0 0.42400827407836916 0.9577401902940538 0.04224071502685547 0.08451961941189236
0 0.9499684423208237 0.946498531765408 0.03763806223869324 0.06533762613932291
0 0.12913359788359788 0.7038506760728983 0.04398148148148143 0.044385655496766624
0 0.41592261904761896 0.14417989417989419 0.04712301587301605 0.11493239271017046