0 0.8000905672709148 0.3807467707881221 0.04574591318766276 0.13111871790002894
0 0.7109445889790853 0.8286365085177951 0.04802023569742839 0.1032838609483507
0 0.3874373277028402 0.6282752566867404 0.0433751106262207 0.15349739922417535
0 0.8282515207926432 0.14856330023871528 0.06878166198730469 0.09294026692708333
0 0.3504466533660889 0.21848983764648439 0.04809370040893555 0.13815867106119792
0 0.33230044120116253 0.6018413348825193 0.075281780432924 0.09129441944575407
0 0.3093243598937988 0.3161076863606771 0.06835765838623047 0.08209601508246528
0 0.5596755027770997 0.496319905033818 0.04815959930419922 0.13470693517614293
0 0.39121031761169434 0.4334984673394097 0.08123693466186524 0.07116326226128472
0 0.5245782057444255 0.950249269273546 0.045309988657633464 0.09950146145290799
0 0.03689959049224854 0.5697485605875651 0.06880254745483398 0.11903745863172743
0 0.3494189421335856 0.7096513112386068 0.05237938563028972 0.12357067532009548
0 0.4343741416931152 0.6035473152443215 0.04712200164794922 0.16516008730287904
0 0.5645022233327229 0.8810844880563241 0.06497761408487955 0.08537821593108001
0 0.646023178100586 0.713427988688151 0.05230903625488281 0.13978644476996527
0 0.5269868691762288 0.6503499348958334 0.07262856165568034 0.07596266004774306
0 0.1248542825380961 0.09342837863498264 0.05291718641916911 0.09216817220052083
0 0.5303383827209472 0.7613314875849971 0.08670520782470703 0.08772780806929976
0 0.09073227429516102 0.2892193152300405 0.06307830520407863 0.14290175754697387
0 0.5063352425893147 0.10691841973198785 0.0802674929300944 0.09604339599609375
0 0.34064230918884275 0.8184363047281901 0.06728429794311523 0.07121124267578124
0 0.11111929019292195 0.2534213878490307 0.08083349068959554 0.09890662299262153
0 0.3881865342458089 0.510475836859809 0.08445959091186524 0.07482198079427084
0 0.5895355184242208 0.7903378844891906 0.04911071938812436 0.11538537152720378
0 0.021764388680458067 0.9493574689935755 0.042831200361251834 0.09776475341231734
0 0.6591737747192383 0.2822667439778646 0.07376747131347657 0.07413703070746527
0 0.4750204086303711 0.9094564261259857 0.060094261169433595 0.10319714722809968
0 0.12836042245229085 0.1931772020128038 0.09668946266174316 0.0728056165907118
0 0.3576916217803955 0.8814381917317708 0.05560579299926758 0.06531778971354167
0 0.8778271750798301 0.24420017060779384 0.06021784222315223 0.08302823021298351
0 0.6907868067423503 0.9528488481486285 0.06587295532226563 0.08556386541437219
0 0.8091353416442871 0.5875943501790365 0.05116825103759766 0.13045230441623265
0 0.4697476228078206 0.628434075249566 0.03886880874633789 0.08550448947482639
0 0.6717068990071614 0.18836754692925348 0.082025146484375 0.09306776258680556
0 0.6255187493783456 0.8820563209260092 0.05517943246023999 0.12213733321004312
0 0.6438313166300456 0.10376561482747396 0.05253257751464844 0.09600711398654514
0 0.9033618927001953 0.17844085693359374 0.05508689880371094 0.08414340549045139
0 0.5759917259216308 0.04225980970594618 0.04224071502685547 0.08451961941189236
0 0.05003155767917633 0.053501468234592016 0.03763806223869324 0.06533762613932291
0 0.8708664021164021 0.29614932392710175 0.04398148148148143 0.044385655496766624
0 0.584077380952381 0.8558201058201058 0.04712301587301605 0.11493239271017046