0 0.7186471939086914 0.6284458019115307 0.07570343017578125 0.11077739574291089
0 0.7925888061523437 0.8287226359049479 0.06707229614257812 0.1158905029296875
0 0.8213113784790039 0.46407782943160447 0.05637016296386719 0.12385318897388599
0 0.7980037689208984 0.6636830082646122 0.08015975952148438 0.10290504738136574
0 0.6896589914957683 0.4749852074517144 0.09808425903320313 0.1033095465766059
0 0.6299498875935873 0.34809534991229024 0.09309107462565104 0.09176536842628762
0 0.5621952374776205 0.5045878798873337 0.06118361155192057 0.10494246306242766
0 0.408552360534668 0.41702804565429685 0.07121315002441406 0.14043053521050347
0 0.5095246156056722 0.8700954861111111 0.08369747797648112 0.09418877495659722
0 0.6384372393290202 0.2499068366156684 0.07247714996337891 0.10892198350694444
0 0.30145840644836425 0.3832407068323206 0.06061220169067383 0.1464138454861111
0 0.37995157241821287 0.3511145697699653 0.085125732421875 0.07986551920572917
0 0.5218561013539632 0.11194392310248481 0.049007574717203774 0.15640695359971787
0 0.0516875425974528 0.2989853964911567 0.04857371648152669 0.14032147725423177
0 0.5930365244547526 0.2703627268473307 0.04493408203125 0.13293245103624132
0 0.8199155489603679 0.8900354738588686 0.05108763376871745 0.14265877052589698
0 0.6821153322855632 0.9092366253888166 0.06872628529866537 0.08764947961877893
0 0.5716417948404948 0.15754164942988644 0.05370903015136719 0.10965764081036602
0 0.5961025873819987 0.6100318343551071 0.07017529805501302 0.12227381953486689
0 0.6421676317850749 0.6851557131166811 0.06502513885498047 0.12208031548394097
0 0.7319527308146159 0.2898591783311632 0.07675704956054688 0.07899898952907985
0 0.7626421610514323 0.33596551683213977 0.07771759033203125 0.09273486667209202
0 0.05830273777246475 0.4476776829472295 0.08742046058177948 0.10926171761971933
0 0.586892573038737 0.07847188137195728 0.07402420043945312 0.0832346068488227
0 0.7422602035126699 0.21575065974759655 0.05546518375275819 0.08605658422985772
0 0.6947470259139678 0.21338504840526323 0.04403295672707088 0.0954647280411807
0 0.08929707379134864 0.7229997172745264 0.07434796437659034 0.09754028837998316
0 0.6586965658021133 0.13083039812146446 0.034972382324687835 0.12568043547870633
0 0.6914925552353507 0.07559504749706483 0.07054514889529315 0.11874266197032765
0 0.7252641690682036 0.1416373145479774 0.05973823246877998 0.08698900629736364
0 0.05775908119658119 0.593482905982906 0.06777510683760685 0.07716049382716042