0 0.2813528060913086 0.37155419808846935 0.07570343017578125 0.11077739574291089
0 0.20741119384765624 0.1712773640950521 0.06707229614257812 0.1158905029296875
0 0.1786886215209961 0.5359221705683955 0.05637016296386719 0.12385318897388599
0 0.20199623107910156 0.3363169917353877 0.08015975952148438 0.10290504738136574
0 0.3103410085042318 0.5250147925482855 0.09808425903320313 0.1033095465766059
0 0.3700501124064128 0.6519046500877098 0.09309107462565104 0.09176536842628762
0 0.43780476252237954 0.4954121201126664 0.06118361155192057 0.10494246306242766
0 0.5914476394653321 0.5829719543457031 0.07121315002441406 0.14043053521050347
0 0.4904753843943278 0.12990451388888888 0.08369747797648112 0.09418877495659722
0 0.3615627606709798 0.7500931633843316 0.07247714996337891 0.10892198350694444
0 0.6985415935516357 0.6167592931676794 0.06061220169067383 0.1464138454861111
0 0.6200484275817871 0.6488854302300348 0.085125732421875 0.07986551920572917
0 0.4781438986460368 0.8880560768975152 0.049007574717203774 0.15640695359971787
0 0.9483124574025472 0.7010146035088434 0.04857371648152669 0.14032147725423177
0 0.4069634755452474 0.7296372731526692 0.04493408203125 0.13293245103624132
0 0.18008445103963217 0.10996452614113136 0.05108763376871745 0.14265877052589698
0 0.31788466771443685 0.09076337461118344 0.06872628529866537 0.08764947961877893
0 0.42835820515950523 0.8424583505701135 0.05370903015136719 0.10965764081036602
0 0.40389741261800133 0.38996816564489295 0.07017529805501302 0.12227381953486689
0 0.35783236821492515 0.3148442868833189 0.06502513885498047 0.12208031548394097
0 0.26804726918538413 0.7101408216688369 0.07675704956054688 0.07899898952907985
0 0.2373578389485677 0.6640344831678603 0.07771759033203125 0.09273486667209202
0 0.9416972622275352 0.5523223170527706 0.08742046058177948 0.10926171761971933
0 0.413107426961263 0.9215281186280427 0.07402420043945312 0.0832346068488227
0 0.25773979648733014 0.7842493402524034 0.05546518375275819 0.08605658422985761
0 0.30525297408603225 0.7866149515947368 0.04403295672707088 0.0954647280411808
0 0.9107029262086513 0.2770002827254736 0.0743479643765904 0.09754028837998316
0 0.34130343419788667 0.8691696018785355 0.034972382324687835 0.12568043547870628
0 0.30850744476464936 0.9244049525029351 0.07054514889529315 0.1187426619703277
0 0.2747358309317965 0.8583626854520227 0.05973823246877998 0.08698900629736364
0 0.9422409188034189 0.406517094017094 0.06777510683760682 0.07716049382716042