0 0.2855553944905599 0.5121239556206597 0.06117591857910156 0.13802354600694444
0 0.3417100270589193 0.4758030220314308 0.05820274353027344 0.1619326838740596
0 0.5296906471252442 0.7077051515932437 0.09822998046875 0.10604909261067709
0 0.4860334555308024 0.6296299969708478 0.08446289698282877 0.09683312310112847
0 0.5652863131629097 0.4354743291461278 0.07154484854804136 0.13698784964425217
0 0.6485199284931971 0.0952424200754317 0.08325017444671137 0.10316595349993023
0 0.15531883239746094 0.6384841071234809 0.07366943359375 0.10617591010199653
0 0.2224699338277181 0.6585055881076389 0.09477710723876953 0.10987141927083334
0 0.2506986935933431 0.25960285751907913 0.0721035639444987 0.12630757932309752
0 0.39213794072469077 0.31260481940375434 0.059352684020996097 0.13852598402235244
0 0.3104975700378418 0.8162206013997396 0.0777750015258789 0.11642049153645834
0 0.4544470469156901 0.22320385685673466 0.05104548136393229 0.14466725102177372
0 0.8330405950546265 0.4427528240062572 0.09319930076599121 0.09899356983326099
0 0.15797548294067382 0.8989359537760416 0.08696842193603516 0.09957817925347222
0 0.6392959912618001 0.25404402414957683 0.08134524027506511 0.09265437655978732
0 0.6561453978220622 0.49448848300509984 0.07851629257202149 0.0843306647406684
0 0.188424015045166 0.9565245734320746 0.06942005157470703 0.0869508531358507
0 0.44533710479736327 0.4685542071307147 0.08587760925292968 0.1064016271520544
0 0.47699176470438637 0.5182082140887225 0.08370930353800456 0.1348303618254485
0 0.11567230224609375 0.8579581366644965 0.07636337280273438 0.0837521023220486
0 0.484977928797404 0.16345711107607241 0.04336843490600586 0.14516609333179614
0 0.21231187184651693 0.530714190447772 0.08764228820800782 0.09550498679832176
0 0.40769286534142873 0.4218229371193645 0.05316585661872987 0.1355329994591876
0 0.5741096655527751 0.08569767210218641 0.04477777481079102 0.11467143164740669
0 0.9762546787659327 0.050218665599823 0.04713452855745951 0.07888205051422119
0 0.41821330388387046 0.5590923733181423 0.045955721537272134 0.12169731987847222
0 0.4106605529785156 0.17500182257758246 0.048545455932617186 0.17953092787000868
0 0.21482063929239908 0.3886986202663846 0.05596434275309245 0.1382860819498698
0 0.5114436785380045 0.9191767092104312 0.08011131286621094 0.11466262252242476
0 0.9795368740955989 0.20610718903718173 0.0403831938902537 0.0870494701244213
0 0.9750769192973773 0.12997118631998697 0.04933390120665233 0.07376242743598091
0 0.18426780700683593 0.4894778498896846 0.057213211059570314 0.1110250402379919