0 0.7144446055094401 0.5121239556206597 0.06117591857910156 0.13802354600694444
0 0.6582899729410807 0.4758030220314308 0.05820274353027344 0.1619326838740596
0 0.47030935287475584 0.7077051515932437 0.09822998046875 0.10604909261067709
0 0.5139665444691975 0.6296299969708478 0.08446289698282877 0.09683312310112847
0 0.4347136868370904 0.4354743291461278 0.07154484854804141 0.13698784964425217
0 0.351480071506803 0.0952424200754317 0.0832501744467115 0.10316595349993023
0 0.8446811676025391 0.6384841071234809 0.07366943359375 0.10617591010199653
0 0.7775300661722819 0.6585055881076389 0.09477710723876953 0.10987141927083334
0 0.7493013064066569 0.25960285751907913 0.0721035639444987 0.12630757932309752
0 0.6078620592753092 0.31260481940375434 0.059352684020996097 0.13852598402235244
0 0.6895024299621582 0.8162206013997396 0.0777750015258789 0.11642049153645834
0 0.5455529530843098 0.22320385685673466 0.05104548136393229 0.14466725102177372
0 0.16695940494537354 0.4427528240062572 0.09319930076599121 0.09899356983326099
0 0.8420245170593261 0.8989359537760416 0.08696842193603516 0.09957817925347222
0 0.36070400873819985 0.25404402414957683 0.08134524027506511 0.09265437655978732
0 0.34385460217793784 0.49448848300509984 0.07851629257202149 0.0843306647406684
0 0.811575984954834 0.9565245734320746 0.06942005157470703 0.0869508531358507
0 0.5546628952026367 0.4685542071307147 0.08587760925292968 0.1064016271520544
0 0.5230082352956136 0.5182082140887225 0.08370930353800456 0.1348303618254485
0 0.8843276977539063 0.8579581366644965 0.07636337280273438 0.0837521023220486
0 0.515022071202596 0.16345711107607241 0.04336843490600586 0.14516609333179614
0 0.7876881281534831 0.530714190447772 0.08764228820800782 0.09550498679832176
0 0.5923071346585712 0.4218229371193645 0.05316585661872987 0.1355329994591876
0 0.42589033444722496 0.08569767210218641 0.04477777481079102 0.11467143164740669
0 0.023745321234067283 0.050218665599823 0.04713452855745951 0.07888205051422119
0 0.5817866961161295 0.5590923733181423 0.045955721537272134 0.12169731987847222
0 0.5893394470214843 0.17500182257758246 0.048545455932617186 0.17953092787000868
0 0.7851793607076009 0.3886986202663846 0.05596434275309245 0.1382860819498698
0 0.48855632146199546 0.9191767092104312 0.08011131286621094 0.11466262252242476
0 0.020463125904401143 0.20610718903718173 0.0403831938902537 0.0870494701244213
0 0.02492308070262273 0.12997118631998697 0.04933390120665233 0.07376242743598091
0 0.815732192993164 0.4894778498896846 0.057213211059570314 0.1110250402379919