0 0.7732365608215332 0.9217593440303096 0.06080150604248047 0.15579319706669562
0 0.617666467030843 0.29323035346137155 0.09760913848876954 0.10190904405381944
0 0.5821455955505371 0.41162439982096355 0.09167003631591797 0.10741543240017361
0 0.5194593270619711 0.29917593355532046 0.07330414454142252 0.1641771811026114
0 0.47840089797973634 0.43305447896321614 0.10900211334228516 0.10348027547200521
0 0.07826899687449138 0.0891179429160224 0.05737727483113607 0.14864442083570692
0 0.22564997673034667 0.043476539187961155 0.05584640502929687 0.08695307837592231
0 0.8032718340555827 0.5463697362829137 0.08057155609130859 0.13799082438151042
0 0.8741191546122233 0.8035271538628472 0.06520557403564453 0.12820604112413195
0 0.46242601731957983 0.8506398139243951 0.10813765804882867 0.1365354944023672
0 0.6691153208414714 0.9122125978823061 0.07136611938476563 0.13159106219256367
0 0.4691039562225342 0.6495737994158709 0.07827386856079102 0.08868639910662615
0 0.5886388778686523 0.6495979591652199 0.09615478515625 0.13615507902922452
0 0.4401556015014648 0.555894441957827 0.06333808898925782 0.1622923109266493
0 0.720675277709961 0.6017091256600839 0.10231819152832031 0.11251271565755208
0 0.504790719350179 0.5704971313476562 0.10164241790771485 0.12059224446614583
0 0.3058010307583797 0.5988629732355748 0.08830371546077963 0.10796060861420916
0 0.6828017234802246 0.8300043741861979 0.08817577362060547 0.10850423177083333
0 0.8894214630126953 0.968337164984809 0.05359573364257812 0.06320292154947917
0 0.3460505485534668 0.03401123682657878 0.052894210815429686 0.06802247365315756