0 0.7732365608215332 0.07824065596969039 0.06080150604248047 0.15579319706669562
0 0.617666467030843 0.7067696465386285 0.09760913848876954 0.10190904405381944
0 0.5821455955505371 0.5883756001790365 0.09167003631591797 0.10741543240017361
0 0.5194593270619711 0.7008240664446795 0.07330414454142252 0.1641771811026114
0 0.47840089797973634 0.5669455210367839 0.10900211334228516 0.10348027547200521
0 0.07826899687449138 0.9108820570839776 0.05737727483113607 0.14864442083570692
0 0.22564997673034667 0.9565234608120389 0.05584640502929687 0.08695307837592231
0 0.8032718340555827 0.4536302637170862 0.08057155609130859 0.13799082438151042
0 0.8741191546122233 0.19647284613715277 0.06520557403564453 0.12820604112413195
0 0.46242601731957983 0.1493601860756049 0.10813765804882867 0.1365354944023672
0 0.6691153208414714 0.08778740211769387 0.07136611938476563 0.13159106219256367
0 0.4691039562225342 0.35042620058412904 0.07827386856079102 0.08868639910662615
0 0.5886388778686523 0.3504020408347801 0.09615478515625 0.13615507902922452
0 0.4401556015014648 0.44410555804217305 0.06333808898925782 0.1622923109266493
0 0.720675277709961 0.3982908743399161 0.10231819152832031 0.11251271565755208
0 0.504790719350179 0.42950286865234377 0.10164241790771485 0.12059224446614583
0 0.3058010307583797 0.4011370267644252 0.0883037154607796 0.10796060861420916
0 0.6828017234802246 0.1699956258138021 0.08817577362060547 0.10850423177083333
0 0.8894214630126953 0.031662835015190974 0.05359573364257812 0.06320292154947917
0 0.3460505485534668 0.9659887631734212 0.052894210815429686 0.06802247365315756