0 0.7825845718383789 0.3591949745460793 0.07040290832519532 0.09970753987630208
0 0.8457051912943522 0.5771247016059028 0.05684375762939453 0.17280375162760417
0 0.6826294581095378 0.15595004117047345 0.054241180419921875 0.13340851819073712
0 0.4911452611287435 0.8105784098307292 0.0883459726969401 0.130419921875
0 0.5390867074330647 0.47474492390950523 0.07657028834025065 0.12485877143012153
0 0.7382023811340332 0.20253493697554978 0.07491626739501953 0.12686360677083333
0 0.2267831325531006 0.8137500339084202 0.0636606216430664 0.17421671549479167
0 0.7653807957967123 0.9040206626609519 0.08119646708170573 0.10741028962311922
0 0.6967353502909343 0.39975552029079864 0.09620952606201172 0.11371595594618056
0 0.48785794576009117 0.11027501070940936 0.0747518539428711 0.08937389938919632
0 0.7844961802164714 0.5108546221697772 0.07904243469238281 0.10522263138382523
0 0.3943968613942464 0.7257048430266204 0.06005678176879883 0.18845587836371527
0 0.24826668898264567 0.04113436804877387 0.07315471967061361 0.08226873609754774
0 0.3707974910736084 0.3770804793746383 0.056604862213134766 0.20610628481264467
0 0.7390286127726237 0.5915602789984808 0.08571014404296876 0.10752512613932291
0 0.798636277516683 0.6467749701605903 0.05106690724690755 0.15090196397569444
0 0.8690773010253906 0.837297284161603 0.0838409423828125 0.09831339518229167
0 0.8555246988932291 0.9459759464970341 0.05161895751953125 0.10804810700593172
0 0.5910571734110515 0.4006918165418837 0.06392688751220703 0.14095408121744793
0 0.6921263376871745 0.7506001790364584 0.06634089152018229 0.14321729871961805
0 0.5213968753814697 0.959793542932581 0.08378744125366211 0.08041291413483796
0 0.7489808718363444 0.7996788590042679 0.09280872344970703 0.08596072726779513
0 0.5849921862284343 0.2807851155598958 0.07478275299072265 0.14258236355251735
0 0.45958566665649414 0.5400297235559535 0.06582717895507813 0.13782713148328993
0 0.3234519958496094 0.49950776276765047 0.06723461151123047 0.14644255461516203
0 0.7999059677124023 0.9576918707953559 0.056686782836914064 0.0846162584092882
0 0.647953192392985 0.675081549750434 0.05745652516682943 0.2089023166232639
0 0.7524290720621745 0.7012522379557292 0.08528366088867187 0.13653327094184028
0 0.12294183572133383 0.5032808798330801 0.05846225420633952 0.10753521389431424
0 0.5737462679545084 0.5469860076904297 0.06845951080322266 0.15712356567382812
0 0.48886190753116787 0.6464058756869571 0.12522595129280453 0.11424951550043681
0 0.6006132125854492 0.610937895598235 0.07360153198242188 0.15340779622395834
0 0.9511489868164062 0.923274004900897 0.049762725830078125 0.15345199019820602
0 0.039778148854961864 0.46990803067954473 0.07955629770992373 0.13581300281959297
0 0.6587477048238118 0.9661221256962529 0.05410645802815755 0.06775574860749421
0 0.5904236157735189 0.021162058688976148 0.07254594167073568 0.041095477563363535
0 0.9054960250854492 0.9150819566514757 0.0610443115234375 0.12774013943142362