0 0.2174154281616211 0.6408050254539207 0.07040290832519532 0.09970753987630208
0 0.1542948087056478 0.4228752983940972 0.05684375762939453 0.17280375162760417
0 0.31737054189046227 0.8440499588295266 0.054241180419921875 0.13340851819073712
0 0.5088547388712565 0.18942159016927082 0.0883459726969401 0.130419921875
0 0.4609132925669352 0.5252550760904948 0.07657028834025065 0.12485877143012153
0 0.2617976188659668 0.7974650630244502 0.07491626739501953 0.12686360677083333
0 0.7732168674468994 0.18624996609157987 0.0636606216430664 0.17421671549479167
0 0.23461920420328777 0.09597933733904804 0.08119646708170573 0.10741028962311922
0 0.30326464970906575 0.6002444797092014 0.09620952606201172 0.11371595594618056
0 0.5121420542399089 0.8897249892905906 0.0747518539428711 0.08937389938919632
0 0.21550381978352864 0.4891453778302228 0.07904243469238281 0.10522263138382523
0 0.6056031386057535 0.27429515697337964 0.06005678176879883 0.18845587836371527
0 0.7517333110173543 0.9588656319512261 0.07315471967061361 0.08226873609754774
0 0.6292025089263916 0.6229195206253617 0.056604862213134766 0.20610628481264467
0 0.2609713872273763 0.4084397210015191 0.08571014404296876 0.10752512613932291
0 0.20136372248331705 0.35322502983940973 0.05106690724690755 0.15090196397569444
0 0.13092269897460937 0.162702715838397 0.0838409423828125 0.09831339518229167
0 0.14447530110677084 0.05402405350296586 0.05161895751953125 0.10804810700593172
0 0.4089428265889486 0.5993081834581163 0.06392688751220703 0.14095408121744793
0 0.30787366231282554 0.24939982096354166 0.06634089152018229 0.14321729871961805
0 0.4786031246185303 0.04020645706741898 0.08378744125366211 0.08041291413483796
0 0.2510191281636556 0.20032114099573206 0.09280872344970703 0.08596072726779513
0 0.41500781377156576 0.7192148844401042 0.07478275299072265 0.14258236355251735
0 0.5404143333435059 0.4599702764440466 0.06582717895507813 0.13782713148328993
0 0.6765480041503906 0.5004922372323496 0.06723461151123047 0.14644255461516203
0 0.20009403228759765 0.0423081292046441 0.056686782836914064 0.0846162584092882
0 0.35204680760701496 0.32491845024956595 0.05745652516682943 0.2089023166232639
0 0.2475709279378255 0.29874776204427084 0.08528366088867187 0.13653327094184028
0 0.8770581642786662 0.4967191201669198 0.05846225420633952 0.10753521389431424
0 0.42625373204549155 0.4530139923095703 0.06845951080322266 0.15712356567382812
0 0.5111380924688321 0.353594124313043 0.12522595129280453 0.11424951550043681
0 0.3993867874145508 0.38906210440176503 0.07360153198242188 0.15340779622395834
0 0.04885101318359375 0.07672599509910301 0.049762725830078125 0.15345199019820602
0 0.9602218511450381 0.5300919693204552 0.07955629770992374 0.13581300281959297
0 0.34125229517618816 0.033877874303747106 0.05410645802815755 0.06775574860749421
0 0.4095763842264811 0.9788379413110239 0.07254594167073568 0.041095477563363535
0 0.09450397491455079 0.0849180433485243 0.0610443115234375 0.12774013943142362