0 0.7605044682820638 0.5147005716959635 0.06374371846516927 0.08932274712456598
0 0.5269571622212728 0.5857692859790943 0.07208868662516275 0.09254065619574653
0 0.36560479799906415 0.3440069693106192 0.05298808415730794 0.12058071560329861
0 0.19305751323699952 0.33016302320692276 0.04864411354064942 0.09777281019422743
0 0.5531062602996826 0.4691287570529514 0.07257471084594727 0.07914157443576389
0 0.6679797490437825 0.7045686509874132 0.04356981913248698 0.1151089138454861
0 0.02495777209599813 0.7974225362141927 0.04991554419199626 0.08127797444661458
0 0.6026479721069335 0.3991392347547743 0.046684646606445314 0.117864990234375
0 0.7397215525309245 0.2761391039247866 0.05717595418294271 0.07908171194571036
0 0.2869764725367228 0.030834187401665582 0.05821531613667806 0.061668374803331164
0 0.4962048049665924 0.6967123533359393 0.04008682881325403 0.09802828478111278
0 0.6788243293762207 0.15904046871044017 0.048130226135253903 0.11101327825475622
0 0.760052490234375 0.23296007933440033 0.03477821350097656 0.10922010916250724
0 0.46256569226582844 0.6578071311668113 0.04450788497924805 0.12552490234375
0 0.5675232887268067 0.569668126989294 0.05585803985595703 0.062072075737847225
0 0.4932061195373535 0.9610068709762009 0.04249248504638672 0.07798625804759839
0 0.1626884659131368 0.7948072362829137 0.08743762175242106 0.06654544406467014
0 0.7055175463358562 0.9496595312047887 0.055667686462402347 0.09548232467086226
0 0.33476120630900064 0.887107425265842 0.08633906046549479 0.08856760660807292
0 0.6174566586812337 0.5350185818142361 0.03869164784749349 0.12336764865451388
0 0.5795045216878255 0.5099778069390191 0.059326553344726564 0.06411556667751736
0 0.7126928965250651 0.12371743166888202 0.040787887573242185 0.10214656547263816
0 0.6366209111661992 0.07905985369415137 0.056218465169270836 0.07746238708496093
0 0.07828499674797058 0.024855016779016564 0.06892200708389282 0.04971003355803313
0 0.04407550640233603 0.15487420095843313 0.0423356284167021 0.11843932779758096
0 0.7260039329528809 0.20743899875217015 0.031938362121582034 0.08393046061197916
0 0.6807536760965983 0.034889740414089626 0.04719219207763672 0.06977948082817925
0 0.5704034805297852 0.9661290486653645 0.058519744873046876 0.06651034884982639
0 0.6519598023504273 0.2096094491927825 0.06560496794871777 0.08398622981956312