0 0.13964272340138753 0.1647751984772859 0.060369412104288735 0.11212158203125
0 0.29233570098876954 0.578767168963397 0.046700668334960935 0.11478667082609954
0 0.4752410888671875 0.3884908007121034 0.06485748291015625 0.11870207609953703
0 0.7918542861938477 0.39688262939453123 0.059746170043945314 0.07642584906684027
0 0.8286313056945801 0.2638577779134115 0.04457530975341797 0.13365224202473958
0 0.6330888112386067 0.4717553315339265 0.048773574829101565 0.09115707962601273
0 0.7448651313781738 0.1523257785373264 0.06870021820068359 0.089227294921875
0 0.551865800221761 0.49800450360333476 0.06366278330485026 0.11365065398039641
0 0.5285686333974202 0.7147904148808232 0.05818306605021159 0.15422400015371818
0 0.6609212557474772 0.28582738240559896 0.05848547617594401 0.13409949408637153
0 0.7765244483947754 0.3156033268681279 0.048290061950683597 0.08331372296368635
0 0.5285413545720719 0.4281664164757158 0.06370941797892277 0.10380492033781828
0 0.6107502937316894 0.3563589873137297 0.04911098480224609 0.11615289758752893
0 0.3933624267578125 0.5776607937282986 0.04952659606933594 0.1589898003472222
0 0.7294157981872559 0.36921191745334203 0.044454765319824216 0.1274229261610243
0 0.7684099833170573 0.2414820353190104 0.043078104654947914 0.08919203016493056
0 0.7316260973612467 0.28686950118453414 0.04291324615478516 0.11089211923104746
0 0.02699428200721741 0.41196297539605037 0.04850999116897583 0.0811338636610243
0 0.6974573771158854 0.27345343695746527 0.03122990926106771 0.14411688910590278
0 0.4447114598517325 0.45461503238719525 0.06278296264947632 0.09550457457831238
0 0.3771768093109131 0.8810578452216254 0.04039983749389649 0.07728089226616754
0 0.5770065307617187 0.3576259471752025 0.04007301330566406 0.12584330240885416
0 0.07339376590330794 0.4780887757986995 0.06401081424936388 0.1364150409951936
0 0.8145200056188246 0.52011822054329 0.048043322095684 0.1524368768164276
0 0.03184340422352155 0.30894707573784724 0.04821917961041133 0.12189839680989584
0 0.4225162506103516 0.8883874893188477 0.07371273040771484 0.05856946309407552
0 0.35451722756410253 0.765758547008547 0.03505608974358978 0.15135327635327644
0 0.5757472930058156 0.029503367003366907 0.05942808769513306 0.057154882154881965