0 0.13964272340138753 0.8352248015227142 0.060369412104288735 0.11212158203125
0 0.29233570098876954 0.42123283103660303 0.046700668334960935 0.11478667082609954
0 0.4752410888671875 0.6115091992878966 0.06485748291015625 0.11870207609953703
0 0.7918542861938477 0.6031173706054688 0.059746170043945314 0.07642584906684027
0 0.8286313056945801 0.7361422220865885 0.04457530975341797 0.13365224202473958
0 0.6330888112386067 0.5282446684660735 0.048773574829101565 0.09115707962601273
0 0.7448651313781738 0.8476742214626736 0.06870021820068359 0.089227294921875
0 0.551865800221761 0.5019954963966652 0.06366278330485026 0.11365065398039641
0 0.5285686333974202 0.28520958511917677 0.05818306605021159 0.15422400015371818
0 0.6609212557474772 0.7141726175944011 0.05848547617594401 0.13409949408637153
0 0.7765244483947754 0.6843966731318721 0.048290061950683597 0.08331372296368635
0 0.5285413545720719 0.5718335835242842 0.06370941797892277 0.10380492033781828
0 0.6107502937316894 0.6436410126862703 0.04911098480224609 0.11615289758752893
0 0.3933624267578125 0.4223392062717014 0.04952659606933594 0.1589898003472222
0 0.7294157981872559 0.630788082546658 0.044454765319824216 0.1274229261610243
0 0.7684099833170573 0.7585179646809895 0.043078104654947914 0.08919203016493056
0 0.7316260973612467 0.7131304988154659 0.04291324615478516 0.11089211923104746
0 0.02699428200721741 0.5880370246039497 0.04850999116897583 0.0811338636610243
0 0.6974573771158854 0.7265465630425347 0.03122990926106771 0.14411688910590278
0 0.4447114598517325 0.5453849676128047 0.06278296264947632 0.09550457457831238
0 0.3771768093109131 0.11894215477837457 0.04039983749389649 0.07728089226616754
0 0.5770065307617187 0.6423740528247974 0.04007301330566406 0.12584330240885416
0 0.07339376590330794 0.5219112242013005 0.06401081424936388 0.1364150409951936
0 0.8145200056188246 0.47988177945670996 0.048043322095684 0.1524368768164276
0 0.03184340422352155 0.6910529242621528 0.04821917961041133 0.12189839680989584
0 0.4225162506103516 0.11161251068115234 0.07371273040771484 0.05856946309407552
0 0.35451722756410253 0.234241452991453 0.03505608974358978 0.15135327635327633
0 0.5757472930058156 0.9704966329966331 0.05942808769513306 0.057154882154881965