0 0.17086652119954426 0.37252926296657984 0.0449951171875 0.14155748155381945
0 0.5206181526184082 0.6190453423394098 0.05445842742919922 0.09920806884765625
0 0.4885583400726318 0.25386728357385707 0.03960103988647461 0.0908021714952257
0 0.52452073097229 0.3818593908239294 0.05872983932495117 0.12394058792679398
0 0.505550765991211 0.47691997951931425 0.07352733612060547 0.08189137776692708
0 0.651758607228597 0.6877085791693793 0.0594183603922526 0.08283394707573785
0 0.46255942980448406 0.7686695098876953 0.04142567316691081 0.09580052693684896
0 0.6337596416473389 0.5888743506537544 0.048275089263916014 0.11706636216905382
0 0.1179655392964681 0.25981563991970485 0.04993381500244141 0.09074978298611111
0 0.8393368283907573 0.8912826467443395 0.06619905630747477 0.0765591232864945
0 0.4616967837015788 0.5300788879394531 0.043647448221842446 0.11506737603081597
0 0.22519197463989257 0.13074256049262153 0.04353008270263672 0.1346615261501736
0 0.7115127086639405 0.9625033166673448 0.04240121841430664 0.07499336666531033
0 0.6507741928100585 0.8181749979654948 0.05455360412597656 0.06897515190972223
0 0.614216423034668 0.2994826422797309 0.05468940734863281 0.11814320882161458
0 0.45820247332255043 0.3819220931441696 0.07174984614054362 0.08079037136501736
0 0.46892871856689455 0.05938644409179687 0.06791458129882813 0.08615841335720487
0 0.31728144249145934 0.24686691295832064 0.046762286838387485 0.12215009924563434
0 0.5962305545806885 0.9042365851225677 0.03448610305786133 0.09150559460675275
0 0.44268752733866373 0.4511927569354022 0.0669963518778483 0.0861723158094618
0 0.48193922261245375 0.6987101067652769 0.0444707914163138 0.13198323572022383
0 0.9700649172067642 0.7368224461873373 0.05851085782051087 0.1072840796576606
0 0.9343590966921119 0.16072943172179824 0.05407124681933837 0.09966072943172183
0 0.3342192869415809 0.11082474226804125 0.04564003436426134 0.06968308514700265
0 0.18548646907216504 0.029209621993127006 0.0461769759450173 0.055364642993508906