0 0.8291334788004557 0.6274707370334202 0.0449951171875 0.14155748155381945
0 0.4793818473815918 0.3809546576605903 0.05445842742919922 0.09920806884765625
0 0.5114416599273681 0.746132716426143 0.03960103988647461 0.0908021714952257
0 0.47547926902771 0.6181406091760706 0.05872983932495117 0.12394058792679398
0 0.49444923400878904 0.5230800204806858 0.07352733612060547 0.08189137776692708
0 0.348241392771403 0.31229142083062067 0.0594183603922526 0.08283394707573785
0 0.5374405701955159 0.2313304901123047 0.04142567316691081 0.09580052693684896
0 0.3662403583526611 0.4111256493462457 0.048275089263916014 0.11706636216905382
0 0.8820344607035319 0.7401843600802951 0.04993381500244141 0.09074978298611111
0 0.16066317160924276 0.10871735325566044 0.06619905630747477 0.0765591232864945
0 0.5383032162984213 0.4699211120605469 0.043647448221842446 0.11506737603081597
0 0.7748080253601074 0.8692574395073784 0.04353008270263672 0.1346615261501736
0 0.28848729133605955 0.03749668333265516 0.04240121841430664 0.07499336666531033
0 0.3492258071899414 0.18182500203450522 0.05455360412597656 0.06897515190972223
0 0.38578357696533205 0.7005173577202691 0.05468940734863281 0.11814320882161458
0 0.5417975266774495 0.6180779068558304 0.07174984614054362 0.08079037136501736
0 0.5310712814331054 0.9406135559082032 0.06791458129882813 0.08615841335720487
0 0.6827185575085406 0.7531330870416794 0.046762286838387485 0.12215009924563434
0 0.40376944541931153 0.09576341487743237 0.03448610305786133 0.09150559460675275
0 0.5573124726613362 0.5488072430645978 0.0669963518778483 0.0861723158094618
0 0.5180607773875462 0.30128989323472316 0.0444707914163138 0.13198323572022383
0 0.029935082793235777 0.2631775538126628 0.05851085782051087 0.1072840796576606
0 0.0656409033078881 0.8392705682782018 0.05407124681933843 0.09966072943172183
0 0.6657807130584191 0.8891752577319587 0.04564003436426134 0.06968308514700265
0 0.814513530927835 0.970790378006873 0.0461769759450173 0.055364642993508906