0 0.3983419100443522 0.5617615876374421 0.07043412526448568 0.08882841887297453
0 0.6983489990234375 0.6660722238046152 0.07014656066894531 0.08721805148654514
0 0.26770342191060387 0.6115480211046007 0.06237376530965169 0.09457160101996528
0 0.48876371383666994 0.8448486045554832 0.058630943298339844 0.11640370686848958
0 0.3345950126647949 0.15190882506193937 0.05780315399169922 0.07303163033944589
0 0.5203571637471517 0.9041068183051215 0.07758960723876954 0.07378404405381944
0 0.5493297417958577 0.26839425828721786 0.04209966659545898 0.12367969089084202
0 0.70692138671875 0.5513077629937067 0.05081672668457031 0.10298648410373264
0 0.20166279474894205 0.8653572930230035 0.04807987213134766 0.11289910210503472
0 0.4267681916554769 0.39155587090386285 0.03975667953491211 0.13803049723307292
0 0.39815738995869954 0.7317298041449652 0.05827646255493164 0.077227783203125
0 0.6032711346944173 0.46520077740704574 0.0497622807820638 0.11832687943070024
0 0.3004682381947835 0.2851790816695602 0.05916388829549154 0.07416924370659722
0 0.48052058219909666 0.4052681816948785 0.043156909942626956 0.10458492702907986
0 0.48292625745137535 0.6114102398907697 0.08078718185424805 0.07450764973958333
0 0.12509475151697794 0.6778415256076389 0.08074635664621989 0.06835225423177084
0 0.7282220840454101 0.8286001982512298 0.05340995788574219 0.12017974853515626
0 0.7057770729064942 0.32694549560546876 0.05014667510986328 0.07661658393012152
0 0.8139702479044596 0.8348624335394965 0.07881126403808594 0.08009304470486112
0 0.38710840543111164 0.9480036135073061 0.06317853927612305 0.0875589441370081
0 0.6808788299560546 0.4008795420328776 0.05164070129394531 0.0890700446234809
0 0.25303043524424235 0.2767782423231337 0.035904677708943684 0.09820539686414931
0 0.27028756141662597 0.4281855265299479 0.05443353652954101 0.06962449815538195
0 0.7612894376118978 0.47252160531503185 0.062274869283040366 0.08465412281177662
0 0.414508326848348 0.061063811514112686 0.03925002415974935 0.10004780557420519
0 0.8287681579589844 0.638893946894893 0.044251632690429685 0.09773508707682292
0 0.5301918188730875 0.39997567070855033 0.04279591242472331 0.12705264621310763
0 0.6390369097391765 0.5936471727159288 0.03947772979736328 0.12558814154730902
0 0.8063916842142741 0.728227064344618 0.04654216766357422 0.10489298502604166
0 0.46817169189453123 0.5198927420156974 0.048790931701660156 0.1123128820348669
0 0.7294301668802897 0.3917110866970486 0.03844318389892578 0.11421169704861112
0 0.36911536852518717 0.3548047242341218 0.07444836298624674 0.0800615946451823
0 0.5918220202128093 0.3352698432074653 0.04994055430094401 0.11303304036458334
0 0.15350119670232137 0.8240220811631944 0.052219510078430176 0.11064588758680556
0 0.8808634757995606 0.8030148541485822 0.038801383972167966 0.11569349500868055
0 0.47057042121887205 0.08993747146041305 0.03978796005249023 0.10362262019404658
0 0.27465089956919353 0.36491223088017216 0.054998191197713216 0.06318859524197049
0 0.337622340520223 0.22978009117974174 0.06805105209350586 0.07879227532280816
0 0.3976572513580322 0.45112763864022715 0.043838787078857425 0.09782610292787905
0 0.8079410235087077 0.5101739247639974 0.05044371287027995 0.10899208916558159
0 0.6837972323099772 0.167383102134422 0.07300421396891275 0.07936371697319879
0 0.5234302520751953 0.031016088415075232 0.05843696594238281 0.062032176830150464
0 0.5563627878824869 0.6625677320692275 0.038475418090820314 0.1328557332356771
0 0.5035226662953695 0.1280575434366862 0.06531426111857096 0.0873022715250651
0 0.9083080291748047 0.9668247929325811 0.055292510986328126 0.06635041413483796
0 0.8440865516662598 0.7341725667317708 0.03941059112548828 0.10551418728298612
0 0.28138283888498944 0.8944596467194734 0.039457209904988605 0.17365462691695602
0 0.5323404153188069 0.4884592692057292 0.05751167933146159 0.12459886338975694
0 0.9223709106445312 0.8334611680772569 0.04734535217285156 0.08652411566840278
0 0.8339979171752929 0.9383062574598524 0.06774215698242188 0.07243872748480903
0 0.016614362597465515 0.12683738072713216 0.03209646344184876 0.10017231835259331
0 0.7664164225260417 0.5418275056061921 0.06624107360839844 0.07890771936487269
0 0.10097727775573731 0.7533067208749277 0.03912262916564942 0.12261844211154514
0 0.7653032620747884 0.381827629937066 0.04071063995361328 0.09657202826605903
0 0.8771766344706218 0.7111972384982639 0.04991436004638672 0.07303534613715278
0 0.3704327424367269 0.10543157436229565 0.03512436548868815 0.07469307934796368
0 0.263827479158649 0.05050183771557816 0.0632324462628547 0.10100367543115632
0 0.7376322746276855 0.27567404287832753 0.050610923767089845 0.09284662317346644
0 0.7066977818806967 0.10475385100753219 0.04620310465494792 0.08120540336326316
0 0.6916335423787435 0.22898987664116754 0.05450592041015625 0.050647735595703125
0 0.023414856195449828 0.03274152543809679 0.044584810733795166 0.06548305087619358
0 0.6614118258158366 0.08561636253639504 0.043947029113769534 0.10616657822220414
0 0.8058588027954101 0.3830766748498987 0.04702262878417969 0.09642096625434028
0 0.08813352386156718 0.5753442552354601 0.04451391299565633 0.08093482123480902
0 0.664928690592448 0.025155067443847656 0.061224746704101565 0.05031013488769531
0 0.3203523794809977 0.019394196404351128 0.03847144444783528 0.038788392808702256
0 0.7371580788804072 0.21833474696070115 0.045324427480916064 0.08905852417302798