0 0.6016580899556477 0.4382384123625579 0.07043412526448568 0.08882841887297453
0 0.3016510009765625 0.33392777619538483 0.07014656066894531 0.08721805148654514
0 0.7322965780893962 0.3884519788953993 0.06237376530965169 0.09457160101996528
0 0.5112362861633301 0.15515139544451678 0.058630943298339844 0.11640370686848958
0 0.665404987335205 0.8480911749380606 0.05780315399169922 0.07303163033944589
0 0.4796428362528483 0.09589318169487847 0.07758960723876954 0.07378404405381944
0 0.45067025820414225 0.7316057417127821 0.04209966659545898 0.12367969089084202
0 0.29307861328125 0.4486922370062934 0.05081672668457031 0.10298648410373264
0 0.7983372052510579 0.13464270697699654 0.04807987213134766 0.11289910210503472
0 0.5732318083445231 0.6084441290961371 0.03975667953491211 0.13803049723307292
0 0.6018426100413005 0.2682701958550347 0.05827646255493164 0.077227783203125
0 0.39672886530558266 0.5347992225929543 0.0497622807820638 0.11832687943070024
0 0.6995317618052165 0.7148209183304398 0.05916388829549154 0.07416924370659722
0 0.5194794178009033 0.5947318183051216 0.043156909942626956 0.10458492702907986
0 0.5170737425486247 0.3885897601092303 0.08078718185424805 0.07450764973958333
0 0.8749052484830221 0.3221584743923611 0.08074635664621989 0.06835225423177084
0 0.27177791595458983 0.17139980174877026 0.05340995788574219 0.12017974853515626
0 0.29422292709350584 0.6730545043945313 0.05014667510986328 0.07661658393012152
0 0.18602975209554037 0.16513756646050348 0.07881126403808594 0.08009304470486112
0 0.6128915945688883 0.051996386492693863 0.06317853927612305 0.0875589441370081
0 0.3191211700439453 0.5991204579671224 0.05164070129394531 0.0890700446234809
0 0.7469695647557576 0.7232217576768664 0.035904677708943684 0.09820539686414931
0 0.729712438583374 0.5718144734700521 0.05443353652954101 0.06962449815538195
0 0.2387105623881022 0.5274783946849682 0.062274869283040366 0.08465412281177662
0 0.5854916731516521 0.9389361884858873 0.03925002415974935 0.10004780557420519
0 0.17123184204101563 0.36110605310510707 0.044251632690429685 0.09773508707682292
0 0.4698081811269124 0.6000243292914497 0.04279591242472331 0.12705264621310763
0 0.36096309026082357 0.4063528272840712 0.03947772979736328 0.12558814154730902
0 0.1936083157857259 0.27177293565538196 0.04654216766357422 0.10489298502604166
0 0.5318283081054688 0.48010725798430265 0.048790931701660156 0.1123128820348669
0 0.2705698331197103 0.6082889133029514 0.03844318389892578 0.11421169704861112
0 0.6308846314748128 0.6451952757658782 0.07444836298624674 0.0800615946451823
0 0.4081779797871908 0.6647301567925348 0.04994055430094401 0.11303304036458334
0 0.8464988032976787 0.17597791883680555 0.052219510078430176 0.11064588758680556
0 0.11913652420043945 0.19698514585141783 0.038801383972167966 0.11569349500868055
0 0.529429578781128 0.9100625285395869 0.03978796005249023 0.10362262019404658
0 0.7253491004308065 0.6350877691198278 0.054998191197713216 0.06318859524197049
0 0.662377659479777 0.7702199088202583 0.06805105209350586 0.07879227532280816
0 0.6023427486419678 0.5488723613597729 0.043838787078857425 0.09782610292787905
0 0.1920589764912923 0.4898260752360026 0.05044371287027995 0.10899208916558159
0 0.3162027676900228 0.832616897865578 0.07300421396891275 0.07936371697319879
0 0.47656974792480467 0.9689839115849248 0.05843696594238281 0.062032176830150464
0 0.443637212117513 0.3374322679307726 0.038475418090820314 0.1328557332356771
0 0.49647733370463054 0.8719424565633138 0.06531426111857096 0.0873022715250651
0 0.09169197082519531 0.03317520706741898 0.055292510986328126 0.06635041413483796
0 0.15591344833374024 0.26582743326822916 0.03941059112548828 0.10551418728298612
0 0.7186171611150106 0.10554035328052662 0.039457209904988605 0.17365462691695602
0 0.467659584681193 0.5115407307942709 0.05751167933146159 0.12459886338975694
0 0.07762908935546875 0.16653883192274305 0.04734535217285156 0.08652411566840278
0 0.16600208282470702 0.06169374254014757 0.06774215698242188 0.07243872748480903
0 0.9833856374025345 0.8731626192728679 0.03209646344184876 0.10017231835259331
0 0.23358357747395833 0.45817249439380786 0.06624107360839844 0.07890771936487269
0 0.8990227222442627 0.24669327912507233 0.03912262916564942 0.12261844211154514
0 0.2346967379252116 0.618172370062934 0.04071063995361328 0.09657202826605903
0 0.12282336552937825 0.2888027615017361 0.04991436004638672 0.07303534613715278
0 0.6295672575632731 0.8945684256377043 0.03512436548868815 0.07469307934796368
0 0.736172520841351 0.9494981622844219 0.06323244626285458 0.1010036754311563
0 0.26236772537231445 0.7243259571216725 0.050610923767089845 0.09284662317346644
0 0.2933022181193034 0.8952461489924678 0.04620310465494792 0.08120540336326316
0 0.30836645762125653 0.7710101233588325 0.05450592041015625 0.050647735595703125
0 0.9765851438045502 0.9672584745619032 0.044584810733795166 0.06548305087619358
0 0.3385881741841634 0.914383637463605 0.043947029113769534 0.10616657822220414
0 0.19414119720458983 0.6169233251501013 0.04702262878417969 0.09642096625434028
0 0.9118664761384329 0.42465574476453993 0.04451391299565633 0.08093482123480902
0 0.3350713094075521 0.9748449325561523 0.061224746704101565 0.05031013488769531
0 0.6796476205190023 0.9806058035956489 0.03847144444783528 0.038788392808702256
0 0.2628419211195928 0.7816652530392989 0.045324427480916064 0.08905852417302808