0 0.9237323880195618 0.8965934117635092 0.06987521648406983 0.0898415035671658
0 0.2216154416402181 0.3539274427625868 0.05796108245849609 0.109698486328125
0 0.23817338943481445 0.47223708541304976 0.07372264862060547 0.09060872395833333
0 0.3295544942220052 0.6092467837863498 0.0599609375 0.1199263678656684
0 0.5177186965942383 0.5833215925428602 0.059082412719726564 0.12643085055881076
0 0.6225251674652099 0.2806848314073351 0.04926748275756836 0.12444101969401042
0 0.49313907623291015 0.07267340200918693 0.048763084411621097 0.14488112838179976
0 0.2680596033732096 0.10744425455729166 0.047249857584635416 0.11732042100694444
0 0.602991517384847 0.1680942111545139 0.06688149770100911 0.10724826388888889
0 0.7854779481887817 0.7720588330869321 0.03954844474792481 0.12170205292878328
0 0.6921804110209148 0.8519389258490668 0.06143620808919271 0.06686884562174479
0 0.8311640818913778 0.9436052004496257 0.06632466316223144 0.11278959910074869
0 0.9016474843025207 0.3032340438277633 0.04136507511138916 0.13926532886646412
0 0.6950210730234782 0.7076855129665799 0.058187007904052734 0.12361585828993056
0 0.5373249053955078 0.41930372450086806 0.05698204040527344 0.14540066189236112
0 0.3254916826883952 0.7802717915287725 0.04963614145914714 0.11347960012930411
0 0.2765827496846517 0.5814625351517289 0.05214061737060547 0.1226698981391059
0 0.33636277516682944 0.22602962917751737 0.06925125122070312 0.09849616156684028
0 0.2814539273579915 0.20503763269495082 0.07318973541259766 0.08557586669921875
0 0.2860116958618164 0.7089796560781974 0.049988174438476564 0.0923135828088831
0 0.4364133834838867 0.9557138125101725 0.04648170471191406 0.08857237497965495
0 0.26670649846394856 0.7572981940375434 0.06058979034423828 0.10434095594618055
0 0.21307245890299478 0.20824381510416667 0.043930308024088545 0.1179080539279514
0 0.5886787414550781 0.920579285091824 0.043108367919921876 0.10318944719102648
0 0.21231889724731445 0.04918170505099827 0.04956073760986328 0.09836341010199653
0 0.4862956682840983 0.5185870700412326 0.06654872894287109 0.08450554741753472
0 0.502463165918986 0.963357663596118 0.08210121790568034 0.071932558660154
0 0.6283639430999756 0.45247522989908856 0.0695572853088379 0.07366519504123265
0 0.49466371536254883 0.4456720987955729 0.07369060516357422 0.09950968424479166
0 0.21792805989583333 0.5569867593270761 0.06692695617675781 0.08048398053204572
0 0.325793202718099 0.889094172583686 0.055847549438476564 0.15634657541910807
0 0.39294198354085286 0.7799729241265191 0.08707733154296875 0.08925849066840277
0 0.4570465087890625 0.6835896103470414 0.05420875549316406 0.14488872951931422
0 0.7506553252538045 0.9683250709816261 0.04534681638081869 0.06334985803674768
0 0.15314559936523436 0.1890054490831163 0.0405120849609375 0.1048826429578993
0 0.12238655090332032 0.22322319878472222 0.04532318115234375 0.10751580132378472
0 0.15474014282226561 0.0572504961932147 0.07329025268554687 0.09124614574291089
0 0.3740200996398926 0.05069345544885706 0.05787601470947266 0.08752130579065394
0 0.49438470204671225 0.4317355968334057 0.07006746927897135 0.07208031548394098
0 0.23566048940022785 0.6637115619800709 0.052124404907226564 0.09427515665690105
0 0.18083820895872252 0.1718052579968832 0.03732720527096068 0.12418336484359281
0 0.10170879364013671 0.04397735595703125 0.06994094848632812 0.0879547119140625
0 0.6302805161130601 0.8823939460103254 0.04905740903771445 0.11663974387250278