0 0.7454698562622071 0.6874587164984809 0.05973892211914063 0.07880181206597223
0 0.32634037335713706 0.5585408669930917 0.04845361709594727 0.12214753892686632
0 0.46744556427001954 0.4257078382703993 0.06339187622070312 0.08462558322482638
0 0.6635684649149577 0.5698188781738281 0.05076160430908203 0.11299964057074653
0 0.714394728342692 0.793127985353823 0.04921855926513672 0.12203715289080584
0 0.5497588634490966 0.5325335326018157 0.05222635269165039 0.13238047847041376
0 0.7849671681722005 0.3620001333731192 0.05206858317057292 0.07046678331163195
0 0.6334845542907714 0.34059261745876734 0.06587581634521485 0.1033203125
0 0.4417086601257324 0.5994320057056568 0.0428466796875 0.14792248761212384
0 0.5005932648976644 0.6828922978153935 0.0628941535949707 0.07688621238425926
0 0.5988431294759115 0.5481694680673105 0.06275558471679688 0.08924778125904224
0 0.4921277046203613 0.5805220709906684 0.05947246551513672 0.1012479994032118
0 0.8038806915283203 0.44901753178349246 0.038994979858398435 0.08805423312717015
0 0.7785087903340657 0.508498297797309 0.0676071802775065 0.08982916937934028
0 0.782397715250651 0.612138197157118 0.061882400512695314 0.07285851372612848
0 0.37857850392659503 0.583206770155165 0.035671106974283856 0.10500573052300347
0 0.4134671211242676 0.9025892822830766 0.04017295837402344 0.07418994197139034
0 0.6767349243164062 0.17582694159613715 0.04158706665039062 0.1248719957139757
0 0.6817313512166341 0.2890572724518953 0.05324287414550781 0.0960836339879919
0 0.16703011989593505 0.5648769096091941 0.06442427635192871 0.07533899943033855
0 0.5225109895070393 0.4391742847583912 0.06768757502237956 0.09981203432436343
0 0.9268900553385416 0.04901648627387153 0.049845123291015626 0.08629048665364583
0 0.8247624397277832 0.3021654764811198 0.03779468536376953 0.0589811537000868
0 0.8236811637878418 0.21501668294270834 0.05315189361572266 0.11098971896701389
0 0.871737289428711 0.2425750732421875 0.052314376831054686 0.08544514973958334
0 0.526275634765625 0.3761015432852286 0.07213134765625 0.08357323540581597
0 0.4707596778869629 0.8641660513701263 0.06775531768798829 0.06067093036792896
0 0.48426659683538154 0.8060676471709127 0.08104909697865104 0.06993991063414308
0 0.8959841648130927 0.15059130503897422 0.05846105968679183 0.11048427815824219
0 0.6264873186747233 0.9666124025980631 0.05354785919189453 0.0667751948038737
0 0.8420603752136231 0.46945088704427085 0.04684162139892578 0.05733439127604167
0 0.9468784014383952 0.10728270919234664 0.043959617614746094 0.12301697907624422
0 0.9126691818237305 0.25347663031684026 0.04318809509277344 0.097613525390625
0 0.8181397120157877 0.5290987367983218 0.04207115173339844 0.07542860243055556