0 0.07626761198043823 0.10340658823649089 0.06987521648406983 0.0898415035671658
0 0.7783845583597819 0.6460725572374132 0.05796108245849609 0.109698486328125
0 0.7618266105651855 0.5277629145869502 0.07372264862060547 0.09060872395833333
0 0.6704455057779948 0.39075321621365017 0.0599609375 0.1199263678656684
0 0.4822813034057617 0.41667840745713974 0.059082412719726564 0.12643085055881076
0 0.37747483253479003 0.719315168592665 0.04926748275756836 0.12444101969401042
0 0.5068609237670898 0.9273265979908131 0.048763084411621097 0.14488112838179976
0 0.7319403966267903 0.8925557454427083 0.047249857584635416 0.11732042100694444
0 0.397008482615153 0.8319057888454862 0.06688149770100911 0.10724826388888889
0 0.21452205181121825 0.22794116691306784 0.03954844474792481 0.12170205292878328
0 0.3078195889790853 0.14806107415093317 0.06143620808919271 0.06686884562174479
0 0.16883591810862222 0.056394799550374346 0.06632466316223144 0.11278959910074869
0 0.09835251569747924 0.6967659561722367 0.04136507511138916 0.13926532886646412
0 0.3049789269765218 0.2923144870334201 0.058187007904052734 0.12361585828993056
0 0.4626750946044922 0.5806962754991319 0.05698204040527344 0.14540066189236112
0 0.6745083173116048 0.21972820847122757 0.04963614145914714 0.11347960012930411
0 0.7234172503153483 0.41853746484827115 0.05214061737060547 0.1226698981391059
0 0.6636372248331706 0.7739703708224827 0.06925125122070312 0.09849616156684028
0 0.7185460726420084 0.7949623673050492 0.07318973541259766 0.08557586669921875
0 0.7139883041381836 0.29102034392180265 0.049988174438476564 0.0923135828088831
0 0.5635866165161133 0.044286187489827475 0.04648170471191406 0.08857237497965495
0 0.7332935015360514 0.2427018059624566 0.06058979034423828 0.10434095594618055
0 0.7869275410970052 0.7917561848958333 0.043930308024088545 0.1179080539279514
0 0.41132125854492185 0.079420714908176 0.043108367919921876 0.10318944719102648
0 0.7876811027526855 0.9508182949490017 0.04956073760986328 0.09836341010199653
0 0.5137043317159017 0.4814129299587674 0.06654872894287109 0.08450554741753472
0 0.497536834081014 0.036642336403882064 0.08210121790568034 0.071932558660154
0 0.37163605690002444 0.5475247701009115 0.0695572853088379 0.07366519504123265
0 0.5053362846374512 0.5543279012044271 0.07369060516357422 0.09950968424479166
0 0.7820719401041667 0.4430132406729239 0.06692695617675781 0.08048398053204572
0 0.674206797281901 0.11090582741631402 0.055847549438476564 0.15634657541910807
0 0.6070580164591471 0.22002707587348092 0.08707733154296875 0.08925849066840277
0 0.5429534912109375 0.31641038965295865 0.05420875549316406 0.14488872951931422
0 0.24934467474619548 0.03167492901837384 0.04534681638081869 0.06334985803674768
0 0.8468544006347656 0.8109945509168837 0.0405120849609375 0.1048826429578993
0 0.8776134490966797 0.7767768012152778 0.04532318115234375 0.10751580132378472
0 0.8452598571777343 0.9427495038067853 0.07329025268554687 0.09124614574291089
0 0.6259799003601074 0.9493065445511429 0.05787601470947266 0.08752130579065394
0 0.5056152979532877 0.5682644031665943 0.07006746927897135 0.07208031548394098
0 0.7643395105997721 0.3362884380199291 0.052124404907226564 0.09427515665690105
0 0.8191617910412775 0.8281947420031168 0.03732720527096068 0.12418336484359281
0 0.8982912063598633 0.9560226440429688 0.06994094848632812 0.0879547119140625
0 0.3697194838869399 0.11760605398967461 0.04905740903771445 0.11663974387250285