0 0.7454698562622071 0.3125412835015191 0.05973892211914063 0.07880181206597223
0 0.32634037335713706 0.44145913300690826 0.04845361709594727 0.12214753892686632
0 0.46744556427001954 0.5742921617296007 0.06339187622070312 0.08462558322482638
0 0.6635684649149577 0.43018112182617185 0.05076160430908203 0.11299964057074653
0 0.714394728342692 0.20687201464617694 0.04921855926513672 0.12203715289080584
0 0.5497588634490966 0.4674664673981843 0.05222635269165039 0.13238047847041376
0 0.7849671681722005 0.6379998666268808 0.05206858317057292 0.07046678331163195
0 0.6334845542907714 0.6594073825412327 0.06587581634521485 0.1033203125
0 0.4417086601257324 0.40056799429434314 0.0428466796875 0.14792248761212384
0 0.5005932648976644 0.3171077021846065 0.0628941535949707 0.07688621238425926
0 0.5988431294759115 0.4518305319326895 0.06275558471679688 0.08924778125904224
0 0.4921277046203613 0.4194779290093316 0.05947246551513672 0.1012479994032118
0 0.8038806915283203 0.5509824682165075 0.038994979858398435 0.08805423312717015
0 0.7785087903340657 0.49150170220269096 0.0676071802775065 0.08982916937934028
0 0.782397715250651 0.38786180284288196 0.061882400512695314 0.07285851372612848
0 0.37857850392659503 0.4167932298448351 0.035671106974283856 0.10500573052300347
0 0.4134671211242676 0.09741071771692347 0.04017295837402344 0.07418994197139034
0 0.6767349243164062 0.8241730584038629 0.04158706665039062 0.1248719957139757
0 0.6817313512166341 0.7109427275481047 0.05324287414550781 0.0960836339879919
0 0.16703011989593505 0.4351230903908058 0.06442427635192871 0.07533899943033855
0 0.5225109895070393 0.5608257152416088 0.06768757502237956 0.09981203432436343
0 0.9268900553385416 0.9509835137261284 0.049845123291015626 0.08629048665364583
0 0.8247624397277832 0.6978345235188802 0.03779468536376953 0.0589811537000868
0 0.8236811637878418 0.7849833170572916 0.05315189361572266 0.11098971896701389
0 0.871737289428711 0.7574249267578125 0.052314376831054686 0.08544514973958334
0 0.526275634765625 0.6238984567147714 0.07213134765625 0.08357323540581597
0 0.4707596778869629 0.13583394862987377 0.06775531768798829 0.06067093036792896
0 0.48426659683538154 0.19393235282908733 0.08104909697865104 0.06993991063414302
0 0.8959841648130927 0.8494086949610258 0.05846105968679183 0.11048427815824219
0 0.6264873186747233 0.03338759740193685 0.05354785919189453 0.0667751948038737
0 0.8420603752136231 0.5305491129557292 0.04684162139892578 0.05733439127604167
0 0.9468784014383952 0.8927172908076534 0.043959617614746094 0.12301697907624422
0 0.9126691818237305 0.7465233696831597 0.04318809509277344 0.097613525390625
0 0.8181397120157877 0.47090126320167824 0.04207115173339844 0.07542860243055556