0 0.3408971627553304 0.8465403238932292 0.07710199356079102 0.09806688096788195
0 0.7323542277018229 0.7981847127278646 0.05823504130045573 0.12318556043836805
0 0.5535142421722412 0.4957424446388527 0.04583292007446289 0.1465577584725839
0 0.7697784105936686 0.6810674031575521 0.04998798370361328 0.10455356174045138
0 0.5218946456909179 0.6948899728280526 0.07770042419433594 0.11567196316189236
0 0.7690944035847982 0.5955077842429832 0.07417933146158855 0.07984907362196181
0 0.43801155090332033 0.45351060937952115 0.04116134643554688 0.1279306764955874
0 0.5748452504475912 0.5994476035789207 0.03937822977701823 0.10889638264973958
0 0.5017519156138103 0.4343958536783854 0.07784725824991862 0.08428785536024305
0 0.5121611595153809 0.20209468558982566 0.06902790069580078 0.11273234332049334
0 0.6538683891296386 0.14454850444087275 0.049024772644042966 0.09089337808114512
0 0.4170428117116292 0.6171013443558304 0.051489098866780596 0.1348759969075521
0 0.4669137477874756 0.5346054924858941 0.0772130012512207 0.09451819525824653
0 0.8581382751464843 0.9153157269513166 0.050115966796875 0.07003134268301504
0 0.5093610763549805 0.34971593221028646 0.08032112121582032 0.08613145616319444
0 0.2969156583150228 0.055206277635362414 0.05554180145263672 0.0764190673828125
0 0.8689582824707032 0.9708634835702402 0.047027587890625 0.057510319462528936
0 0.48615131378173826 0.9658899095323351 0.0439117431640625 0.06822018093532986
0 0.37555678685506183 0.11540916230943468 0.056555747985839844 0.07069110870361328
0 0.594616190592448 0.02998105155097114 0.039152272542317706 0.05996210310194228