0 0.15296695232391358 0.6487125820583768 0.05085387229919434 0.13091600206163195
0 0.3037369887034098 0.6295003255208333 0.048029359181722006 0.11979302300347222
0 0.6929271380106609 0.11639963785807292 0.04559803009033203 0.12474127875434028
0 0.5709425926208496 0.6555062611897786 0.06159992218017578 0.09841944376627604
0 0.417462158203125 0.5719527350531683 0.046376609802246095 0.14040069580078124
0 0.2644051551818848 0.40636893378363714 0.048014068603515626 0.11516265869140625
0 0.3438046932220459 0.35977006135163486 0.04098806381225586 0.12079247368706597
0 0.7453225771586101 0.5176535853633174 0.04948075612386068 0.10227607444480613
0 0.47964844703674314 0.2693418714735243 0.08104314804077148 0.07876349555121528
0 0.27694808642069496 0.5634707132975261 0.06833861668904623 0.1064390394422743
0 0.2602203528086344 0.6995163246437356 0.045574283599853514 0.14669709382233798
0 0.6329945246378581 0.5200366550021701 0.07559051513671874 0.087213134765625
0 0.4221967220306396 0.35965146665219905 0.048009204864501956 0.12782151963975694
0 0.10519736607869466 0.6167068481445312 0.06605393091837565 0.09863501654730902
0 0.7144181251525878 0.26862982290762444 0.04578685760498047 0.14938473171657987
0 0.6133127530415853 0.356245846218533 0.0872555414835612 0.08745947943793403
0 0.2822360833485921 0.9585629533838342 0.07069419225056967 0.08287409323233146
0 0.4983955383300781 0.38456333301685475 0.05757598876953125 0.11518029106987847
0 0.5414101600646972 0.4748093216507523 0.05773868560791016 0.11624721950954861
0 0.6621108373006185 0.4670236375596788 0.07241236368815104 0.09779883490668403
0 0.361483097076416 0.5788296452275029 0.041457748413085936 0.15156594735604745
0 0.4832754135131836 0.581495836046007 0.0555694580078125 0.13026462131076388
0 0.4966911315917969 0.9551512506273058 0.06068763732910156 0.08969749874538846
0 0.49639248847961426 0.7441480848524306 0.08051900863647461 0.08527984619140624
0 0.745787239074707 0.18807720608181425 0.04029273986816406 0.13389672173394096
0 0.5737800598144531 0.8509944068060981 0.04209327697753906 0.088018798828125
0 0.4677599906921387 0.1728472391764323 0.04369373321533203 0.11768442789713542
0 0.7567916552225749 0.6259301079644097 0.04959583282470703 0.12007666693793403
0 0.7222713152567546 0.44029196280020255 0.06545009613037109 0.07503492567274306
0 0.4192501544952393 0.9059178052125154 0.05799722671508789 0.09520364337497288
0 0.476727294921875 0.46976886325412326 0.04922027587890625 0.13848995632595487
0 0.7251926104227702 0.7342820768003111 0.040546226501464847 0.10514749597620081
0 0.7976293563842773 0.10073750813802083 0.07208595275878907 0.09800957573784722
0 0.5139443238576253 0.8145912664907949 0.07261082331339518 0.0830818600124783
0 0.6498918533325195 0.8488851299992314 0.056974029541015624 0.07318148436369719
0 0.7778417587280273 0.4722035725911458 0.03392486572265625 0.10170762803819444
0 0.7521536509195964 0.2861281500922309 0.039203516642252606 0.10172373453776042
0 0.4580554962158203 0.8615063137478298 0.04647960662841797 0.11462970309787326
0 0.8047654787699382 0.3361156604908131 0.05851866404215495 0.0921793054651331
0 0.7813533782958985 0.38855836656358506 0.07406196594238282 0.06628875732421875
0 0.4379871368408203 0.49418209217212816 0.04201316833496094 0.12488400494610821
0 0.6596714655558268 0.7834624820285373 0.07343101501464844 0.07210040622287327
0 0.021778338154157004 0.40724402533637155 0.04153168002764384 0.06905415852864584
0 0.6397481716040408 0.9430393967162881 0.0468530886101 0.11324630185008447
0 0.817474905649821 0.234014892578125 0.053496360778808594 0.09174228244357639
0 0.8868462244669596 0.11510382758246528 0.05418663024902344 0.08664754231770834
0 0.06027075034199339 0.47446872955219527 0.04517819628571019 0.12202247593940717
0 0.7535310427347819 0.02192360206886574 0.05900249481201172 0.04217438874421296
0 0.11320529742674396 0.07809869528619494 0.05418048121712425 0.08570075757575826
0 0.7124675230546431 0.8003418174255577 0.05766438570889557 0.08879390421138472
0 0.5427998383839925 0.027075364854600693 0.04594990412394206 0.05415072970920139
0 0.8146604825579931 0.48500997284312314 0.04875443170941054 0.07495821729118428
0 0.06421638257575758 0.3071864478114479 0.07398200757575757 0.11047979797979814
0 0.8216765873015872 0.4186507936507936 0.052083333333333336 0.06834215167548505
0 0.8562748015873015 0.22464726631393306 0.07118055555555572 0.0692239858906524
0 0.8618551587301586 0.15828924162257496 0.07539682539682531 0.06349206349206338