0 0.8470330476760864 0.35128741794162327 0.05085387229919434 0.13091600206163195
0 0.6962630112965902 0.37049967447916665 0.048029359181722006 0.11979302300347222
0 0.3070728619893392 0.883600362141927 0.04559803009033203 0.12474127875434028
0 0.4290574073791504 0.34449373881022133 0.06159992218017578 0.09841944376627604
0 0.582537841796875 0.4280472649468316 0.046376609802246095 0.14040069580078124
0 0.7355948448181152 0.5936310662163629 0.048014068603515626 0.11516265869140625
0 0.6561953067779541 0.6402299386483652 0.04098806381225586 0.12079247368706597
0 0.25467742284139 0.4823464146366826 0.04948075612386068 0.10227607444480613
0 0.5203515529632569 0.7306581285264757 0.08104314804077148 0.07876349555121528
0 0.723051913579305 0.436529286702474 0.06833861668904623 0.1064390394422743
0 0.7397796471913656 0.30048367535626447 0.045574283599853514 0.14669709382233798
0 0.36700547536214195 0.4799633449978299 0.07559051513671874 0.087213134765625
0 0.5778032779693604 0.640348533347801 0.048009204864501956 0.12782151963975694
0 0.8948026339213053 0.38329315185546875 0.06605393091837565 0.09863501654730902
0 0.2855818748474121 0.7313701770923756 0.04578685760498047 0.14938473171657987
0 0.3866872469584147 0.643754153781467 0.0872555414835612 0.08745947943793403
0 0.7177639166514079 0.04143704661616573 0.07069419225056967 0.08287409323233146
0 0.5016044616699219 0.6154366669831453 0.05757598876953125 0.11518029106987847
0 0.4585898399353027 0.5251906783492477 0.05773868560791016 0.11624721950954861
0 0.3378891626993815 0.5329763624403212 0.07241236368815104 0.09779883490668403
0 0.638516902923584 0.4211703547724971 0.041457748413085936 0.15156594735604745
0 0.5167245864868164 0.41850416395399304 0.0555694580078125 0.13026462131076388
0 0.5033088684082031 0.04484874937269423 0.06068763732910156 0.08969749874538846
0 0.5036075115203857 0.25585191514756944 0.08051900863647461 0.08527984619140624
0 0.254212760925293 0.8119227939181858 0.04029273986816406 0.13389672173394096
0 0.4262199401855469 0.14900559319390191 0.04209327697753906 0.088018798828125
0 0.5322400093078613 0.8271527608235677 0.04369373321533203 0.11768442789713542
0 0.24320834477742512 0.37406989203559027 0.04959583282470703 0.12007666693793403
0 0.27772868474324547 0.5597080371997974 0.06545009613037109 0.07503492567274306
0 0.5807498455047607 0.09408219478748463 0.05799722671508789 0.09520364337497288
0 0.523272705078125 0.5302311367458767 0.04922027587890625 0.13848995632595487
0 0.27480738957722983 0.26571792319968895 0.040546226501464847 0.10514749597620081
0 0.20237064361572266 0.8992624918619792 0.07208595275878907 0.09800957573784722
0 0.48605567614237466 0.185408733509205 0.07261082331339518 0.0830818600124783
0 0.35010814666748047 0.1511148700007686 0.056974029541015624 0.07318148436369719
0 0.22215824127197265 0.5277964274088541 0.03392486572265625 0.10170762803819444
0 0.24784634908040365 0.7138718499077691 0.039203516642252606 0.10172373453776042
0 0.5419445037841797 0.13849368625217015 0.04647960662841797 0.11462970309787326
0 0.19523452123006185 0.6638843395091869 0.05851866404215495 0.0921793054651331
0 0.21864662170410157 0.6114416334364149 0.07406196594238282 0.06628875732421875
0 0.5620128631591796 0.5058179078278718 0.04201316833496094 0.12488400494610821
0 0.34032853444417316 0.21653751797146267 0.07343101501464844 0.07210040622287327
0 0.978221661845843 0.5927559746636285 0.04153168002764384 0.06905415852864584
0 0.3602518283959591 0.05696060328371195 0.0468530886101 0.1132463018500845
0 0.18252509435017902 0.765985107421875 0.053496360778808594 0.09174228244357639
0 0.11315377553304036 0.8848961724175347 0.05418663024902344 0.08664754231770834
0 0.9397292496580065 0.5255312704478048 0.04517819628571023 0.12202247593940717
0 0.24646895726521809 0.9780763979311342 0.05900249481201172 0.04217438874421296
0 0.8867947025732561 0.921901304713805 0.05418048121712431 0.08570075757575826
0 0.2875324769453569 0.19965818257444234 0.05766438570889557 0.08879390421138467
0 0.45720016161600746 0.9729246351453993 0.04594990412394206 0.05415072970920139
0 0.18533951744200697 0.5149900271568768 0.04875443170941054 0.07495821729118428
0 0.9357836174242424 0.6928135521885521 0.07398200757575756 0.11047979797979814
0 0.17832341269841276 0.5813492063492064 0.052083333333333336 0.06834215167548505
0 0.14372519841269854 0.7753527336860669 0.07118055555555572 0.0692239858906524
0 0.13814484126984136 0.841710758377425 0.07539682539682531 0.06349206349206338