0 0.29591153462727865 0.6986191784894025 0.051526641845703124 0.11846254136827257
0 0.6562340259552002 0.8681012294910572 0.07556219100952148 0.0918121267248083
0 0.733348274230957 0.6137875027126736 0.06971797943115235 0.09308963351779515
0 0.7779414415359497 0.9349758254157172 0.07049107551574707 0.08513075510660807
0 0.4910552660624186 0.3493884898998119 0.08047911326090494 0.09990759955512153
0 0.2363907814025879 0.3566994843659578 0.06121196746826172 0.10522783067491319
0 0.9424613972504934 0.6176712883843316 0.06781587998072307 0.0854831271701389
0 0.24004720052083334 0.4837619357638889 0.043154144287109376 0.09599880642361111
0 0.4463308016459147 0.9329542619210702 0.05081882476806641 0.1307358565153899
0 0.6914791266123453 0.7488445705837674 0.043810558319091794 0.1301693386501736
0 0.5573494593302409 0.32076105188440396 0.07083358764648437 0.1010162353515625
0 0.47377154032389324 0.7972590976291233 0.054842631022135414 0.1306798299153646
0 0.17619746526082355 0.27929941813151044 0.054814720153808595 0.116766357421875
0 0.4883872032165527 0.6018731011284723 0.06626720428466797 0.10417683919270833
0 0.8017959038416544 0.11133795844184027 0.040125195185343424 0.15163709852430557
0 0.4556443214416504 0.4145619992856626 0.07716693878173828 0.08537851969401042
0 0.3228104591369629 0.22602674696180555 0.06737308502197266 0.0961822509765625
0 0.34939311345418295 0.3065921359592014 0.04694347381591797 0.09664272732204861
0 0.553240966796875 0.5817373628969545 0.03949737548828125 0.1463382014521846
0 0.4700388590494792 0.7002849578857422 0.07465349833170573 0.06776063707139757
0 0.8546138922373454 0.12753007676866318 0.06237312952677409 0.0815887451171875
0 0.16507981618245443 0.11682518853081597 0.09362564086914063 0.08398607042100695
0 0.6456572214762369 0.6923413594563802 0.04248472849527995 0.14290228949652778
0 0.3975039482116699 0.4041049250849971 0.04902858734130859 0.13251755325882522
0 0.3564604123433431 0.42301706384729454 0.04459082285563151 0.14056809036820023
0 0.13952255249023438 0.23895017835828994 0.04126815795898438 0.15385657416449652
0 0.410400390625 0.8854297249405473 0.041736602783203125 0.1156256287186234
0 0.40493427912394203 0.7342279292919017 0.05452454884847005 0.1351091879385489
0 0.3789511680603027 0.9428896762706616 0.047743034362792966 0.11422064745867694
0 0.30277013778686523 0.8899808601096825 0.056183815002441406 0.08630364029495805
0 0.6992529074350993 0.9597539548520688 0.0401209831237793 0.08049209029586227
0 0.5148313522338868 0.9640002568562825 0.04830856323242187 0.0719994862874349
0 0.33261938095092775 0.9202837997012668 0.045995903015136716 0.12206207911173503
0 0.7829531170939671 0.43571751265327646 0.05074452917084429 0.10382649575649507
0 0.259073003133138 0.7901158226860894 0.03803825378417969 0.11018515692816841
0 0.42425880432128904 0.5335744363290292 0.06268844604492188 0.11193217524775752
0 0.20412416458129884 0.606827375623915 0.046242713928222656 0.1572079128689236
0 0.17332229614257813 0.4813320725052445 0.041605377197265626 0.11302244398328994
0 0.47211742401123047 0.4872470149287471 0.06693458557128906 0.09358017532913773
0 0.667183524173028 0.4717274526434832 0.07395038167938921 0.1208651399491093
0 0.10115607579549153 0.15943826746057582 0.05211505889892578 0.07168358696831598
0 0.4625437259674072 0.03637830946180556 0.05100603103637695 0.07275661892361111
0 0.15245561599731444 0.3988430729618779 0.06061229705810547 0.0774141099717882
0 0.6568968613942464 0.9739915953742133 0.04130976994832357 0.05201680925157335
0 0.35952043533325195 0.04508375944914641 0.04645252227783203 0.09016751889829282
0 0.6056168787958665 0.4832212144518964 0.061345080746949304 0.15374805514071652
0 0.41776965459187826 0.03912404378255208 0.045275306701660155 0.07824808756510417
0 0.053154205607476614 0.03210453444098318 0.05427375389408103 0.06143994461751466