0 0.7040884653727214 0.30138082151059753 0.051526641845703124 0.11846254136827257
0 0.3437659740447998 0.13189877050894278 0.07556219100952148 0.0918121267248083
0 0.26665172576904295 0.3862124972873264 0.06971797943115235 0.09308963351779515
0 0.2220585584640503 0.06502417458428277 0.07049107551574707 0.08513075510660807
0 0.5089447339375813 0.650611510100188 0.08047911326090494 0.09990759955512153
0 0.7636092185974122 0.6433005156340422 0.06121196746826172 0.10522783067491319
0 0.05753860274950663 0.3823287116156684 0.06781587998072307 0.0854831271701389
0 0.7599527994791667 0.5162380642361111 0.043154144287109376 0.09599880642361111
0 0.5536691983540852 0.06704573807892976 0.05081882476806641 0.1307358565153899
0 0.3085208733876546 0.25115542941623265 0.043810558319091794 0.1301693386501736
0 0.4426505406697591 0.679238948115596 0.07083358764648437 0.1010162353515625
0 0.5262284596761068 0.20274090237087675 0.054842631022135414 0.1306798299153646
0 0.8238025347391764 0.7207005818684896 0.054814720153808595 0.116766357421875
0 0.5116127967834473 0.3981268988715278 0.06626720428466797 0.10417683919270833
0 0.19820409615834553 0.8886620415581598 0.040125195185343424 0.15163709852430557
0 0.5443556785583497 0.5854380007143374 0.07716693878173828 0.08537851969401042
0 0.6771895408630371 0.7739732530381944 0.06737308502197266 0.0961822509765625
0 0.6506068865458171 0.6934078640407986 0.04694347381591797 0.09664272732204861
0 0.446759033203125 0.41826263710304545 0.03949737548828125 0.1463382014521846
0 0.5299611409505208 0.2997150421142578 0.07465349833170573 0.06776063707139757
0 0.14538610776265462 0.8724699232313368 0.06237312952677409 0.0815887451171875
0 0.8349201838175456 0.883174811469184 0.09362564086914063 0.08398607042100695
0 0.354342778523763 0.3076586405436198 0.04248472849527995 0.14290228949652778
0 0.6024960517883301 0.5958950749150029 0.04902858734130859 0.13251755325882522
0 0.6435395876566569 0.5769829361527055 0.04459082285563151 0.14056809036820023
0 0.8604774475097656 0.7610498216417101 0.04126815795898438 0.15385657416449652
0 0.589599609375 0.11457027505945276 0.041736602783203125 0.1156256287186234
0 0.5950657208760579 0.2657720707080982 0.05452454884847005 0.1351091879385489
0 0.6210488319396973 0.05711032372933847 0.047743034362792966 0.11422064745867694
0 0.6972298622131348 0.11001913989031756 0.056183815002441406 0.08630364029495805
0 0.30074709256490073 0.040246045147931134 0.0401209831237793 0.08049209029586227
0 0.4851686477661133 0.03599974314371745 0.04830856323242187 0.0719994862874349
0 0.6673806190490723 0.07971620029873318 0.045995903015136716 0.12206207911173503
0 0.2170468829060329 0.5642824873467235 0.05074452917084435 0.10382649575649507
0 0.740926996866862 0.2098841773139106 0.03803825378417969 0.11018515692816841
0 0.575741195678711 0.46642556367097077 0.06268844604492188 0.11193217524775752
0 0.7958758354187012 0.3931726243760851 0.046242713928222656 0.1572079128689236
0 0.8266777038574219 0.5186679274947555 0.041605377197265626 0.11302244398328994
0 0.5278825759887695 0.5127529850712529 0.06693458557128906 0.09358017532913773
0 0.33281647582697205 0.5282725473565169 0.07395038167938921 0.1208651399491093
0 0.8988439242045084 0.8405617325394242 0.05211505889892578 0.07168358696831598
0 0.5374562740325928 0.9636216905381945 0.05100603103637695 0.07275661892361111
0 0.8475443840026855 0.6011569270381221 0.06061229705810547 0.0774141099717882
0 0.3431031386057536 0.026008404625786675 0.04130976994832357 0.05201680925157335
0 0.640479564666748 0.9549162405508536 0.04645252227783203 0.09016751889829282
0 0.3943831212041335 0.5167787855481035 0.061345080746949304 0.15374805514071657
0 0.5822303454081218 0.9608759562174479 0.045275306701660155 0.07824808756510417
0 0.9468457943925234 0.9678954655590168 0.05427375389408103 0.06143994461751466