0 0.5058696111043294 0.8750085618760851 0.06802202860514323 0.11323496500651041
0 0.33544101715087893 0.12265231521041305 0.04352569580078125 0.10107592829951534
0 0.8184445381164551 0.6135045086895978 0.056104850769042966 0.09315632007740161
0 0.7150163968404134 0.49293017917209203 0.07064596811930339 0.09045461018880209
0 0.6913898468017579 0.12321784761216906 0.05662803649902344 0.10702101389567058
0 0.46999735832214357 0.6358345031738282 0.05454072952270508 0.11728769938151042
0 0.6292948087056478 0.2755580902099609 0.046941312154134114 0.13959799872504342
0 0.5475811958312988 0.236811892191569 0.06211986541748047 0.0746146731906467
0 0.4974583625793457 0.377122073703342 0.04466171264648437 0.15003865559895832
0 0.3477706750233968 0.3697630140516493 0.07417154312133789 0.10368889702690973
0 0.5801255226135253 0.5046102029305918 0.07007884979248047 0.08134152447735822
0 0.5063300609588623 0.6722746955023872 0.04886445999145508 0.10309024386935764
0 0.7044032732645671 0.26798811312075016 0.06185092926025391 0.1005894837556062
0 0.4430233001708984 0.6031753257468895 0.046456527709960935 0.11020875153718171
0 0.533348004023234 0.5254999796549479 0.054606024424235025 0.13716261121961806
0 0.5906531333923339 0.6613284923412182 0.039182090759277345 0.1552636605721933
0 0.8587602615356446 0.7246924506293403 0.07324409484863281 0.09055616590711806
0 0.742164134979248 0.5688125327781395 0.051153373718261716 0.09722035725911458
0 0.8836711883544922 0.7844480726453993 0.04331474304199219 0.10646938747829861
0 0.6684736251831055 0.24718690801549842 0.0430633544921875 0.10701959398057725
0 0.6019274393717448 0.1284740236070421 0.05414237976074219 0.10993249681260851
0 0.5379571755727132 0.05490892198350694 0.05154892603556315 0.10981784396701388
0 0.5266737937927246 0.11574044757419162 0.05574321746826172 0.10218736860487196
0 0.13071655829747517 0.6135102731210215 0.04912838141123454 0.12755765561704283
0 0.5053935686747233 0.7513280797887731 0.07771803538004557 0.06996934678819444
0 0.03315559327602387 0.9229196901674623 0.05229647755622864 0.1270295884874132
0 0.7974935213724772 0.7600730895996094 0.05048084259033203 0.13492889404296876
0 0.19464794794718424 0.7381947835286459 0.06347084045410156 0.08677605523003472
0 0.9022013346354166 0.9390535707826968 0.07463035583496094 0.08909753870081019
0 0.9196699778238933 0.8499372411657262 0.0615020751953125 0.09297163221571181
0 0.4631906509399414 0.033521814699526184 0.06369571685791016 0.0652623353181062
0 0.06291464567184449 0.4758956767894604 0.07759754657745362 0.07771552756980614
0 0.8321237564086914 0.5359956246835215 0.05300559997558594 0.07426187020760995
0 0.4866079648335775 0.10358438138608579 0.04278621673583984 0.08936217979148582
0 0.7776529947916667 0.5173293219672309 0.051803970336914064 0.0756929185655382
0 0.7493301391601562 0.33395553871437356 0.03648872375488281 0.13808732209382235
0 0.7799765268961588 0.4478935948124638 0.0526885986328125 0.09353052775065104
0 0.7884220759073893 0.35757275334110966 0.03988571166992187 0.12266752454969618
0 0.9383791605631511 0.9023315147117332 0.04734611511230469 0.09801392731843171
0 0.027303723990917204 0.44646872061270254 0.036046162247657776 0.14033598723234952
0 0.7932349522908528 0.8546001858181423 0.06050860087076823 0.10769551595052083
0 0.8165143966674805 0.46410885563603155 0.0355499267578125 0.11864123874240451
0 0.6355183376854672 0.042059863808549626 0.07693826635400734 0.06020816671079499
0 0.6337590817804937 0.08561884287384872 0.044399085856262135 0.1291378646278529