0 0.3791794459025065 0.18823343912760418 0.06019293467203776 0.10258449978298612
0 0.03834070960680644 0.8034946229722765 0.06170069773991903 0.07861646016438802
0 0.24602128664652506 0.12591993543836805 0.07629899978637696 0.09462958441840277
0 0.15397136211395263 0.6677473280164931 0.06981759071350098 0.0841949462890625
0 0.32109025319417317 0.9145610615059182 0.05973180135091146 0.08068366227326569
0 0.45534601211547854 0.4224899857132523 0.05269889831542969 0.14670726634837963
0 0.6855719566345215 0.7641463668258102 0.07328281402587891 0.09323470504195602
0 0.4971009731292725 0.38119142320421007 0.0700139045715332 0.09367387559678819
0 0.4193437894185384 0.11218931410047743 0.06763439178466797 0.10857357449001737
0 0.529302962621053 0.44500387686270254 0.06987091700236002 0.094720458984375
0 0.6532037734985352 0.29884120799877023 0.07503280639648438 0.07714318169487847
0 0.4114099343617757 0.9153035269843207 0.04049215316772461 0.0956425560845269
0 0.12450108868735175 0.3165146883202609 0.07019425119672501 0.11980186341300825
0 0.6852733310555265 0.17250071464034608 0.06905396451655127 0.09333381317826163
0 0.690684191385905 0.9484628589064986 0.04593963623046875 0.0968732162758156
0 0.5309328079223633 0.6765825059678819 0.05021400451660156 0.11620534261067708
0 0.2579435427983602 0.9560449141043204 0.046949179967244466 0.08791017179135922
0 0.5336930841924398 0.5282073310423826 0.08054123711340205 0.06634211531118758
0 0.5142926057179769 0.06567979035554108 0.06157185236612956 0.09335185863353589
0 0.6275922775268554 0.9588685989379883 0.049349212646484376 0.08226280212402344
0 0.33795234362284343 0.736320756982874 0.05782512029012044 0.09843915303548177
0 0.5944352553062833 0.5125346428112658 0.08631204952489072 0.10277069837549065
0 0.8120335578918457 0.4293262057834201 0.05460033416748047 0.08574388292100694
0 0.5917469024658203 0.7956128297028718 0.053384017944335935 0.12645486902307582
0 0.39460291862487795 0.4381513242368345 0.07236032485961914 0.11624416775173611
0 0.36446983019510903 0.8486478664256908 0.041318225860595706 0.10003434640389902
0 0.8813276926676432 0.16161049736870658 0.06469039916992188 0.07939130995008681
0 0.8448889414469402 0.2284393310546875 0.06025009155273438 0.09069281684027777
0 0.8336000442504883 0.31058098121925637 0.05926780700683594 0.07810584174262153
0 0.9257301012674968 0.08071695963541667 0.04571094512939453 0.11559787326388889
0 0.6366668235805026 0.03781744165700911 0.07010125884485419 0.07537695326482839
0 0.44913759231567385 0.025941862883391203 0.05874958038330078 0.049659785517939814
0 0.4862646270044071 0.8793161104543831 0.07123148482280091 0.07268338547539475
0 0.8428594307391504 0.4614530038269206 0.043268260103730444 0.14162243831790378
0 0.8919928232828777 0.23806838989257811 0.06513633728027343 0.07909596761067708
0 0.5248335481099656 0.5821401298205422 0.07087628865979372 0.07016036655211906
0 0.5198668384879724 0.8441676212294769 0.06899699312714773 0.0968881252386407