0 0.6120788256327311 0.7041669774938513 0.05376491546630859 0.12712758382161457
0 0.10697784423828124 0.8155166625976562 0.04694862365722656 0.09156426323784722
0 0.16749646135699217 0.803872631066082 0.0635356320645703 0.11078851517541698
0 0.281033992767334 0.614012626365379 0.04966945648193359 0.11966784441912616
0 0.6758805751800537 0.18438645822030528 0.05078840255737305 0.13039604469581886
0 0.5591967582702637 0.4768340499312789 0.04466094970703125 0.12289519133391204
0 0.13197698593139648 0.8846418592664931 0.04968204498291016 0.08014289008246528
0 0.4983607610066732 0.4259417074697989 0.06975428263346355 0.08777525160047743
0 0.36613101959228517 0.5873489662452981 0.05321769714355469 0.13086395263671874
0 0.4806266943613688 0.30389391581217445 0.0520845095316569 0.10718443128797743
0 0.4930831750233968 0.9572366219979745 0.06240498224894206 0.08546617296006945
0 0.32794837951660155 0.6315586513943142 0.050835800170898435 0.1492579142252604
0 0.3788383792886089 0.4962645540827761 0.06413072128118055 0.12240225676581257
0 0.4844840049743652 0.5267938260678892 0.04860057830810547 0.13147523668077257
0 0.5350775718688965 0.5721481323242188 0.07652091979980469 0.08614874945746528
0 0.41806891759236653 0.6642030221444589 0.062301953633626304 0.12178395589192709
0 0.12282953262329102 0.9492711102520978 0.06360721588134766 0.07726977313006365
0 0.44406062761942544 0.9568629794650607 0.07048031489054361 0.08627404106987847
0 0.43598877588907875 0.5720847518355758 0.04161980946858724 0.1199605871129919
0 0.32647872938142797 0.8321783463468949 0.06644813564273874 0.0637998421369393
0 0.6322352568308512 0.1481678432888455 0.03685464859008789 0.10656305948893229
0 0.5189576048951049 0.4715099715099714 0.03660402097902094 0.1207588707588707