0 0.34208030700683595 0.4393264064082393 0.07463760375976562 0.09256232932761864
0 0.5086229324340821 0.42336873654966 0.0669332504272461 0.11049734044958044
0 0.5778975645701091 0.5862865306712963 0.06354742050170899 0.13688535337094906
0 0.5056268408491805 0.8630254033330205 0.08305938136470216 0.08841316902840356
0 0.17621221542358398 0.8231267293294271 0.04045162200927734 0.08870680067274306
0 0.5490573883056641 0.0537271605597602 0.054311943054199216 0.10222148895263672
0 0.585998551050822 0.3907508850097656 0.059977245330810544 0.06069386800130208
0 0.4730820337931315 0.4742898870397497 0.04936294555664063 0.15045247960973668
0 0.17906802495320637 0.9352899622034143 0.05098934173583984 0.12942007559317129
0 0.4208525021870931 0.3735108693440755 0.06030406951904297 0.1303326924641927
0 0.5138642311096191 0.548081800672743 0.0415435791015625 0.1400078667534722
0 0.159235413869222 0.6616344028049045 0.07283535003662109 0.0890443589952257
0 0.3403616905212402 0.2934159596761068 0.04332447052001953 0.13005956013997397
0 0.3009717305501302 0.32769557811595773 0.04796257019042969 0.1270231458875868
0 0.47497846285502116 0.25742874851933234 0.06648664474487305 0.07261842798303675
0 0.3709011713663737 0.5617149635597511 0.054481252034505205 0.11440949616608796
0 0.621570634841919 0.47847489251030817 0.07502756118774415 0.09345440334743924
0 0.23988218307495118 0.7411626180013021 0.044856834411621097 0.13179999457465277
0 0.2607701301574707 0.8526313781738282 0.053594779968261716 0.12953915066189237
0 0.4681994597117106 0.592207110369647 0.05068051020304362 0.15351076479311343
0 0.20129432678222656 0.579964757848669 0.06587486267089844 0.08982035319010416
0 0.4291102409362793 0.1450120078192817 0.050510215759277347 0.11688999599880642
0 0.3384584744771322 0.7108766343858507 0.06903362274169922 0.10046318901909722
0 0.35964492162068684 0.6364176149721499 0.05612659454345703 0.09519771999782986
0 0.37363897959391273 0.19214176601833768 0.07183558146158854 0.07792553371853299
0 0.10759088842718446 0.824203850151421 0.06568853361112588 0.1604011085059668
0 0.4002199172973633 0.2906247033013238 0.07765312194824218 0.10861248440212673
0 0.4230244000752767 0.07592207414132578 0.06321608225504557 0.08330554608945494
0 0.2372090975443522 0.2886601483380353 0.05049330393473307 0.09899382414641204
0 0.480855655670166 0.171494017706977 0.07685375213623047 0.10181694030761719
0 0.12347335815429687 0.8834789699978298 0.06266860961914063 0.08745761447482639
0 0.4252338409423828 0.602850596110026 0.05905418395996094 0.08649885389539931
0 0.3059583028157552 0.22938702901204427 0.06372299194335937 0.08483250935872395
0 0.13907938003540038 0.956131574842665 0.03750553131103516 0.08773685031467014
0 0.37921202977498375 0.06182745032840305 0.040863990783691406 0.11371217833624946
0 0.3221530278523763 0.15270389274314597 0.053121058146158855 0.08567235028302228
0 0.8835018038749695 0.4924187412968388 0.06469781398773193 0.07301084730360242
0 0.26517842610677084 0.20703503644024884 0.041825485229492185 0.10263005009403935
0 0.6921091079711914 0.17592762841118706 0.07367973327636719 0.09792823791503906
0 0.6481380303700764 0.1882298504864728 0.04255889256795247 0.1204784252025463
0 0.1676769256591797 0.5513203938802084 0.05066871643066406 0.14062940809461805
0 0.33376938501993814 0.0923887676662869 0.045153236389160155 0.09033063252766928
0 0.5209884166717529 0.033299763997395836 0.04975271224975586 0.06659952799479167
0 0.30449212392171227 0.09571501413981119 0.05031318664550781 0.0784157223171658
0 0.107469113667806 0.9630967881944444 0.035849380493164065 0.07302110460069444
0 0.6452621936798095 0.023080836402045356 0.058692646026611325 0.04616167280409071
0 0.06813063063063064 0.9549924924924925 0.041948198198198366 0.0881631631631632
0 0.7016953150431315 0.025643698374430337 0.0447628657023112 0.051287396748860674
0 0.4488538651239305 0.9622456585919416 0.050981539771670255 0.07365683096426505
0 0.3420442139737991 0.027090409186479054 0.0700509461426492 0.05377648390748828