0 0.6579196929931641 0.4393264064082393 0.07463760375976562 0.09256232932761864
0 0.491377067565918 0.42336873654966 0.0669332504272461 0.11049734044958044
0 0.42210243542989095 0.5862865306712963 0.06354742050170899 0.13688535337094906
0 0.4943731591508195 0.8630254033330205 0.08305938136470216 0.08841316902840356
0 0.823787784576416 0.8231267293294271 0.04045162200927734 0.08870680067274306
0 0.4509426116943359 0.0537271605597602 0.054311943054199216 0.10222148895263672
0 0.41400144894917806 0.3907508850097656 0.059977245330810544 0.06069386800130208
0 0.5269179662068685 0.4742898870397497 0.04936294555664063 0.15045247960973668
0 0.8209319750467936 0.9352899622034143 0.05098934173583984 0.12942007559317129
0 0.5791474978129069 0.3735108693440755 0.06030406951904297 0.1303326924641927
0 0.48613576889038085 0.548081800672743 0.0415435791015625 0.1400078667534722
0 0.840764586130778 0.6616344028049045 0.07283535003662109 0.0890443589952257
0 0.6596383094787598 0.2934159596761068 0.04332447052001953 0.13005956013997397
0 0.6990282694498698 0.32769557811595773 0.04796257019042969 0.1270231458875868
0 0.5250215371449788 0.25742874851933234 0.06648664474487305 0.07261842798303675
0 0.6290988286336263 0.5617149635597511 0.054481252034505205 0.11440949616608796
0 0.37842936515808107 0.47847489251030817 0.07502756118774415 0.09345440334743924
0 0.7601178169250489 0.7411626180013021 0.044856834411621097 0.13179999457465277
0 0.7392298698425293 0.8526313781738282 0.053594779968261716 0.12953915066189237
0 0.5318005402882894 0.592207110369647 0.05068051020304362 0.15351076479311343
0 0.7987056732177734 0.579964757848669 0.06587486267089844 0.08982035319010416
0 0.5708897590637207 0.1450120078192817 0.050510215759277347 0.11688999599880642
0 0.6615415255228678 0.7108766343858507 0.06903362274169922 0.10046318901909722
0 0.6403550783793132 0.6364176149721499 0.05612659454345703 0.09519771999782986
0 0.6263610204060872 0.19214176601833768 0.07183558146158854 0.07792553371853299
0 0.8924091115728155 0.824203850151421 0.06568853361112588 0.1604011085059668
0 0.5997800827026367 0.2906247033013238 0.07765312194824218 0.10861248440212673
0 0.5769755999247234 0.07592207414132578 0.06321608225504557 0.08330554608945494
0 0.7627909024556477 0.2886601483380353 0.05049330393473307 0.09899382414641204
0 0.519144344329834 0.171494017706977 0.07685375213623047 0.10181694030761719
0 0.8765266418457032 0.8834789699978298 0.06266860961914063 0.08745761447482639
0 0.5747661590576172 0.602850596110026 0.05905418395996094 0.08649885389539931
0 0.6940416971842448 0.22938702901204427 0.06372299194335937 0.08483250935872395
0 0.8609206199645996 0.956131574842665 0.03750553131103516 0.08773685031467014
0 0.6207879702250163 0.06182745032840305 0.040863990783691406 0.11371217833624946
0 0.6778469721476237 0.15270389274314597 0.053121058146158855 0.08567235028302228
0 0.11649819612503051 0.4924187412968388 0.06469781398773193 0.07301084730360242
0 0.7348215738932292 0.20703503644024884 0.041825485229492185 0.10263005009403935
0 0.3078908920288086 0.17592762841118706 0.07367973327636719 0.09792823791503906
0 0.3518619696299235 0.1882298504864728 0.04255889256795247 0.1204784252025463
0 0.8323230743408203 0.5513203938802084 0.05066871643066406 0.14062940809461805
0 0.6662306149800619 0.0923887676662869 0.045153236389160155 0.09033063252766928
0 0.47901158332824706 0.033299763997395836 0.04975271224975586 0.06659952799479167
0 0.6955078760782878 0.09571501413981119 0.05031318664550781 0.0784157223171658
0 0.892530886332194 0.9630967881944444 0.035849380493164065 0.07302110460069444
0 0.3547378063201904 0.023080836402045356 0.058692646026611325 0.04616167280409071
0 0.9318693693693694 0.9549924924924925 0.041948198198198366 0.0881631631631632
0 0.2983046849568685 0.025643698374430337 0.0447628657023112 0.051287396748860674
0 0.5511461348760694 0.9622456585919416 0.05098153977167031 0.07365683096426505
0 0.657955786026201 0.027090409186479054 0.0700509461426492 0.05377648390748828