0 0.5112973848978678 0.6578255829987703 0.053171602884928386 0.11987027768735532
0 0.6416349728902181 0.4587804017243562 0.07315362294514974 0.09743056120695891
0 0.3589538256327311 0.6229852181893808 0.07257525126139323 0.09734700520833334
0 0.684605089823405 0.5207960764567058 0.054114151000976565 0.14561182657877605
0 0.8332548141479492 0.7694690280490452 0.05181732177734375 0.1481075710720486
0 0.7239733378092448 0.4157847934299045 0.05239957173665365 0.12037845187717014
0 0.888178825378418 0.865577330412688 0.06223373413085938 0.09574940999348959
0 0.42064056396484373 0.6097764474374276 0.04857368469238281 0.13564605712890626
0 0.5658928394317627 0.4907664828830295 0.07543554306030273 0.10843929714626736
0 0.7039697329203288 0.17496260890254267 0.07708759307861328 0.08650966220431858
0 0.4988357384999593 0.4211282518174913 0.05994977951049805 0.09832644992404514
0 0.2564368406931559 0.5915289137098524 0.055620670318603516 0.10762176513671876
0 0.522773249944051 0.8705091688368055 0.061219374338785805 0.13739488389756943
0 0.600081984202067 0.08571740256415473 0.04550851186116536 0.09517057206895617
0 0.4520524024963379 0.44917270519115304 0.052415084838867185 0.15089854487666376
0 0.23383259773254395 0.6735971521448206 0.04761190414428711 0.11836999963831019
0 0.29462471008300783 0.033492664054588034 0.050211524963378905 0.06698532810917607
0 0.9028970718383789 0.7630523399070457 0.05016746520996094 0.1296117146809896
0 0.6793012619018555 0.08407874902089436 0.0424530029296875 0.1146584775712755
0 0.5141318321228028 0.48839306301540797 0.051947593688964844 0.10750545925564237
0 0.8283050537109375 0.509272540057147 0.0598358154296875 0.09896296748408565
0 0.6299474398295085 0.11386517065542716 0.057391929626464847 0.11250550305401838
0 0.8121083895365397 0.42124701605902776 0.08282972971598307 0.07453392876519097
0 0.6436522165934245 0.6599070231119791 0.053016281127929686 0.11267191569010417
0 0.8306331634521484 0.5764569317853009 0.057297897338867185 0.08813261809172454
0 0.8047583098586125 0.4744763858822117 0.05978155227984535 0.07119640267857437
0 0.6977733612060547 0.8672714798538773 0.044915390014648435 0.1167483859592014
0 0.39741959296209967 0.09818429050596642 0.06607121870007819 0.07124006809960645
0 0.6847474733988445 0.7977525499131944 0.056849098205566405 0.09261610243055556
0 0.6440411567687988 0.02436950648272479 0.05500011444091797 0.04873901296544958