0 0.48870261510213214 0.34217441700122975 0.053171602884928386 0.11987027768735532
0 0.3583650271097819 0.5412195982756438 0.07315362294514974 0.09743056120695891
0 0.6410461743672689 0.3770147818106192 0.07257525126139323 0.09734700520833334
0 0.31539491017659504 0.4792039235432943 0.054114151000976565 0.14561182657877605
0 0.16674518585205078 0.23053097195095487 0.05181732177734375 0.1481075710720486
0 0.2760266621907552 0.5842152065700955 0.05239957173665365 0.12037845187717014
0 0.11182117462158203 0.13442266958731192 0.06223373413085938 0.09574940999348959
0 0.5793594360351563 0.39022355256257235 0.04857368469238281 0.13564605712890626
0 0.4341071605682373 0.5092335171169705 0.07543554306030273 0.10843929714626736
0 0.2960302670796712 0.8250373910974573 0.07708759307861328 0.08650966220431858
0 0.5011642615000407 0.5788717481825086 0.05994977951049805 0.09832644992404514
0 0.743563159306844 0.40847108629014756 0.055620670318603516 0.10762176513671876
0 0.4772267500559489 0.12949083116319443 0.061219374338785805 0.13739488389756943
0 0.39991801579793296 0.9142825974358453 0.04550851186116536 0.09517057206895617
0 0.5479475975036621 0.550827294808847 0.052415084838867185 0.15089854487666376
0 0.766167402267456 0.3264028478551794 0.04761190414428711 0.11836999963831019
0 0.7053752899169922 0.9665073359454119 0.050211524963378905 0.06698532810917607
0 0.0971029281616211 0.2369476600929543 0.05016746520996094 0.1296117146809896
0 0.32069873809814453 0.9159212509791056 0.0424530029296875 0.1146584775712755
0 0.4858681678771973 0.511606936984592 0.051947593688964844 0.10750545925564237
0 0.1716949462890625 0.490727459942853 0.0598358154296875 0.09896296748408565
0 0.37005256017049154 0.8861348293445729 0.057391929626464847 0.11250550305401838
0 0.18789161046346028 0.5787529839409722 0.08282972971598307 0.07453392876519097
0 0.3563477834065755 0.3400929768880208 0.053016281127929686 0.11267191569010417
0 0.16936683654785156 0.42354306821469906 0.057297897338867185 0.08813261809172454
0 0.1952416901413875 0.5255236141177884 0.05978155227984535 0.07119640267857431
0 0.3022266387939453 0.13272852014612269 0.044915390014648435 0.1167483859592014
0 0.6025804070379003 0.9018157094940337 0.0660712187000783 0.07124006809960637
0 0.3152525266011556 0.20224745008680556 0.056849098205566405 0.09261610243055556
0 0.3559588432312012 0.9756304935172752 0.05500011444091797 0.04873901296544958