0 0.675448481241862 0.5365307843243634 0.05351715087890625 0.09179484049479167
0 0.6648470878601074 0.3433316407380281 0.05918178558349609 0.07678852787724248
0 0.7719246864318847 0.9583685980902777 0.054960441589355466 0.08326280381944444
0 0.5403648217519125 0.04543129470613268 0.0536921501159668 0.08414275116390652
0 0.3792002201080322 0.603648602520978 0.05270566940307617 0.080450439453125
0 0.18163758913675945 0.7678546481662326 0.049568462371826175 0.13272060818142362
0 0.3987022082010905 0.6856007046169705 0.06675561269124348 0.06782718234592014
0 0.6001027425130209 0.38714641994900173 0.046699269612630205 0.07721659342447916
0 0.8381084124247233 0.9237291124131944 0.06062183380126953 0.09302232530381944
0 0.14782161682080003 0.431869704635055 0.060927279178912844 0.08996429443359374
0 0.5228367646535238 0.6346640410246672 0.03866573969523112 0.14262847900390624
0 0.22045526504516602 0.28114957456235534 0.05321550369262695 0.07023773193359376
0 0.559416675567627 0.17996354986120153 0.04167041778564453 0.09297385039152922
0 0.293742036819458 0.05078489338910138 0.03964452743530274 0.10000722319991501
0 0.7194788614908855 0.801737806532118 0.0360443115234375 0.1324462890625
0 0.3461519718170166 0.9337640550401476 0.04618349075317383 0.13247188991970485
0 0.7490723292032878 0.276352380823206 0.06476402282714844 0.070263671875
0 0.5037046432495117 0.7581671820746527 0.06420669555664063 0.10099080403645834
0 0.4293406009674072 0.5610623677571615 0.05520544052124023 0.0806215074327257
0 0.5131875991821289 0.2040263988353588 0.037549591064453124 0.12478242097077547
0 0.13526651859283448 0.7407372933846933 0.03800158500671387 0.12281629774305555
0 0.19302773475646973 0.37407916033709493 0.045959758758544925 0.09900851779513889
0 0.4553540229797363 0.9324907373498987 0.04423809051513672 0.12064406783492476
0 0.34181639353434246 0.47388185571741176 0.07533041636149089 0.07174436781141492
0 0.5409807205200196 0.9487588670518663 0.04032325744628906 0.10248226589626735
0 0.6804705619812011 0.8446192423502604 0.053699684143066403 0.07115275065104167
0 0.3033290386199951 0.9203705681694878 0.03796186447143555 0.15925886366102432
0 0.10820142644824404 0.2455129392219312 0.06117763952775436 0.10019886903088501
0 0.7308810234069825 0.4271492852105035 0.035914039611816405 0.14676378038194443
0 0.10902489351503776 0.13902950190534494 0.06485740993962143 0.12692836992668383
0 0.6633171717325846 0.736353047688802 0.04326934814453125 0.15392557779947916
0 0.4266963005065918 0.07229511119701244 0.03171749114990234 0.1138766536006221
0 0.3480767524603641 0.3173780332109342 0.07030009356412019 0.08588787297207096
0 0.4968632698059082 0.9062384146231192 0.050995826721191406 0.11083114058883102
0 0.5280500729878743 0.42858479817708334 0.05607547760009766 0.09392903645833334
0 0.5460478782653808 0.49215078000669127 0.08100719451904297 0.06894844902886285
0 0.45987749099731445 0.10006692851031268 0.03521671295166016 0.10155851222850658
0 0.5676214853922527 0.30451167071307145 0.036980056762695314 0.10587420993381076
0 0.42368241334572815 0.8877592016149448 0.0440795702811999 0.1316437593552459
0 0.5178364594777425 0.2876722123887804 0.053971449534098305 0.08254945543077256
0 0.8126787185668946 0.7607312237774885 0.058213424682617185 0.09274800618489583
0 0.49940441449483236 0.8285110473632813 0.07252461115519206 0.0683712429470486
0 0.26459152698516847 0.3211915475350839 0.042325162887573244 0.1211172033239294
0 0.563808822631836 0.5821691442418981 0.04959297180175781 0.1083865695529514
0 0.9161164063673753 0.9561965811965811 0.0497808896578275 0.08760683760683774
0 0.882872200012207 0.7723212348090278 0.03423576354980469 0.1074863009982639
0 0.2462061643600464 0.025199775342588073 0.03585820198059082 0.050399550685176146
0 0.6233196576436361 0.25842312706841364 0.0401821772257487 0.10639762878417969
0 0.5059649308522542 0.35623592800564235 0.07270542780558269 0.06989305284288194
0 0.08084687012614626 0.3178206549750434 0.0797835324749802 0.11972485166607477
0 0.5830376307169597 0.9644217597113716 0.044112014770507815 0.07115648057725694
0 0.4068146045391376 0.9727564102564102 0.05241126036032651 0.05448717948717945
0 0.06719406247138977 0.4514699621232672 0.09406831445115985 0.07654239898578878
0 0.1691577196121216 0.9063441241229022 0.043149900436401364 0.12226251672815394
0 0.35966127346723503 0.5252221001519097 0.06547639308831635 0.06896271882233797
0 0.8287582079569499 0.8449410332573785 0.07081165313720703 0.07849494086371528
0 0.48165176709493 0.6008989687319155 0.07150774002075196 0.10296088324652777
0 0.04318820834159851 0.41307367395471645 0.05502616167068482 0.10371805826822916
0 0.24190523624420165 0.5228322347005209 0.04767626993583913 0.12215960467303236
0 0.6483605702718099 0.9468081721553097 0.05111910502115886 0.09819160743995949
0 0.0681001109607292 0.49988826404918324 0.0833783765633901 0.04704586247402408
0 0.7148761749267578 0.9031030442979601 0.05759696960449219 0.06781463623046875
0 0.6259550094604492 0.022052282757229275 0.04975051879882812 0.04410456551445855
0 0.46875 0.6502849002849003 0.05849358974358978 0.07478632478632474
0 0.38504675807374894 0.10983290688357368 0.04607599142825964 0.06642425357291994
0 0.354255908908266 0.02417403198653198 0.046696515516801304 0.04834806397306396
0 0.6536458333333334 0.09401709401709403 0.08253205128205134 0.09116809116809116
0 0.539473311106364 0.49706637064615883 0.06680037180582682 0.058510080973307295
0 0.4078525641025641 0.9312678062678063 0.052083333333333336 0.12108262108262124