0 0.32455151875813804 0.4634692156756366 0.05351715087890625 0.09179484049479167
0 0.33515291213989257 0.656668359261972 0.05918178558349609 0.07678852787724248
0 0.22807531356811522 0.04163140190972222 0.054960441589355466 0.08326280381944444
0 0.4596351782480876 0.9545687052938673 0.0536921501159668 0.08414275116390652
0 0.6207997798919678 0.396351397479022 0.05270566940307617 0.080450439453125
0 0.8183624108632406 0.23214535183376736 0.049568462371826175 0.13272060818142362
0 0.6012977917989095 0.3143992953830295 0.06675561269124348 0.06782718234592014
0 0.3998972574869792 0.6128535800509982 0.046699269612630205 0.07721659342447916
0 0.1618915875752767 0.07627088758680556 0.06062183380126953 0.09302232530381944
0 0.8521783831792 0.568130295364945 0.06092727917891286 0.08996429443359374
0 0.47716323534647626 0.3653359589753328 0.03866573969523112 0.14262847900390624
0 0.779544734954834 0.7188504254376447 0.05321550369262695 0.07023773193359376
0 0.440583324432373 0.8200364501387984 0.04167041778564453 0.09297385039152922
0 0.706257963180542 0.9492151066108986 0.03964452743530274 0.10000722319991501
0 0.2805211385091146 0.19826219346788193 0.0360443115234375 0.1324462890625
0 0.6538480281829834 0.06623594495985242 0.04618349075317383 0.13247188991970485
0 0.25092767079671224 0.723647619176794 0.06476402282714844 0.070263671875
0 0.4962953567504883 0.24183281792534722 0.06420669555664063 0.10099080403645834
0 0.5706593990325928 0.43893763224283855 0.05520544052124023 0.0806215074327257
0 0.4868124008178711 0.7959736011646412 0.037549591064453124 0.12478242097077547
0 0.8647334814071655 0.2592627066153067 0.03800158500671387 0.12281629774305555
0 0.8069722652435303 0.6259208396629051 0.045959758758544925 0.09900851779513889
0 0.5446459770202636 0.06750926265010128 0.04423809051513672 0.12064406783492476
0 0.6581836064656575 0.5261181442825883 0.07533041636149089 0.07174436781141492
0 0.45901927947998045 0.05124113294813368 0.04032325744628906 0.10248226589626735
0 0.31952943801879885 0.15538075764973958 0.053699684143066403 0.07115275065104167
0 0.6966709613800048 0.07962943183051216 0.03796186447143555 0.15925886366102432
0 0.8917985735517558 0.7544870607780688 0.06117763952775448 0.1001988690308849
0 0.2691189765930176 0.5728507147894966 0.035914039611816405 0.14676378038194443
0 0.8909751064849623 0.8609704980946551 0.06485740993962139 0.12692836992668377
0 0.33668282826741536 0.2636469523111979 0.04326934814453125 0.15392557779947916
0 0.5733036994934082 0.9277048888029875 0.03171749114990234 0.1138766536006221
0 0.6519232475396358 0.6826219667890658 0.07030009356412019 0.08588787297207096
0 0.5031367301940918 0.09376158537688078 0.050995826721191406 0.11083114058883102
0 0.4719499270121256 0.5714152018229167 0.05607547760009766 0.09392903645833334
0 0.45395212173461913 0.5078492199933088 0.08100719451904297 0.06894844902886285
0 0.5401225090026855 0.8999330714896873 0.03521671295166016 0.10155851222850658
0 0.4323785146077474 0.6954883292869285 0.036980056762695314 0.10587420993381076
0 0.5763175866542718 0.11224079838505518 0.0440795702811999 0.1316437593552459
0 0.48216354052225746 0.7123277876112196 0.053971449534098305 0.08254945543077256
0 0.18732128143310547 0.23926877622251158 0.058213424682617185 0.09274800618489583
0 0.5005955855051677 0.17148895263671876 0.07252461115519206 0.0683712429470486
0 0.7354084730148316 0.6788084524649161 0.042325162887573244 0.1211172033239294
0 0.43619117736816404 0.41783085575810186 0.04959297180175781 0.1083865695529514
0 0.0838835936326247 0.04380341880341887 0.0497808896578275 0.08760683760683774
0 0.11712779998779296 0.22767876519097222 0.03423576354980469 0.1074863009982639
0 0.7537938356399536 0.9748002246574119 0.03585820198059082 0.050399550685176146
0 0.37668034235636394 0.7415768729315864 0.0401821772257487 0.10639762878417969
0 0.49403506914774575 0.6437640719943576 0.07270542780558269 0.06989305284288194
0 0.9191531298738537 0.6821793450249566 0.07978353247498025 0.11972485166607477
0 0.41696236928304037 0.03557824028862847 0.044112014770507815 0.07115648057725694
0 0.5931853954608625 0.027243589743589727 0.05241126036032663 0.05448717948717945
0 0.9328059375286102 0.5485300378767328 0.09406831445115979 0.07654239898578878
0 0.8308422803878784 0.0936558758770978 0.043149900436401364 0.12226251672815394
0 0.6403387265327649 0.47477789984809027 0.06547639308831635 0.06896271882233797
0 0.17124179204305012 0.15505896674262154 0.07081165313720703 0.07849494086371528
0 0.51834823290507 0.3991010312680845 0.07150774002075196 0.10296088324652777
0 0.9568117916584015 0.5869263260452836 0.05502616167068482 0.10371805826822916
0 0.7580947637557983 0.4771677652994792 0.04767626993583913 0.12215960467303241
0 0.3516394297281901 0.05319182784469039 0.05111910502115886 0.09819160743995949
0 0.9318998890392708 0.5001117359508168 0.0833783765633901 0.04704586247402408
0 0.2851238250732422 0.09689695570203993 0.05759696960449219 0.06781463623046875
0 0.37404499053955076 0.9779477172427707 0.04975051879882812 0.04410456551445855
0 0.53125 0.34971509971509973 0.05849358974358978 0.07478632478632474
0 0.6149532419262511 0.8901670931164264 0.046075991428259515 0.06642425357291985
0 0.6457440910917339 0.9758259680134681 0.046696515516801186 0.0483480639730639
0 0.3463541666666667 0.905982905982906 0.08253205128205134 0.09116809116809106
0 0.46052668889363607 0.5029336293538411 0.06680037180582682 0.058510080973307295
0 0.5921474358974359 0.06873219373219377 0.052083333333333336 0.12108262108262124