0 0.4352433681488037 0.5636110093858507 0.0463557243347168 0.07849019368489583
0 0.4999226570129395 0.5159691139503761 0.036224365234375 0.09799601236979166
0 0.4561755180358887 0.7547875015823929 0.053338813781738284 0.0778288099500868
0 0.2992502848307292 0.6739762482819733 0.05905965169270833 0.08312219690393519
0 0.6494982719421387 0.7038044117115162 0.03565998077392578 0.11323479546440972
0 0.29366801579793295 0.114544677734375 0.030202929178873697 0.09396913316514757
0 0.3779579162597656 0.6171505680790654 0.031145286560058594 0.09002951162832755
0 0.79922513961792 0.7191175390172888 0.04003582000732422 0.09816131591796876
0 0.5543012301127116 0.6118466695149739 0.03168277740478516 0.11032223171657986
0 0.7748714129130045 0.7991010877821181 0.03599414825439453 0.10106947157118056
0 0.41666202545166015 0.35734721996166086 0.04219493865966797 0.10280015733506945
0 0.6806194305419921 0.4613265143500434 0.03347434997558594 0.13800472683376735
0 0.7089071273803711 0.6109027721263744 0.033432388305664064 0.12103198016131365
0 0.3854979038238525 0.9399388348614728 0.031621456146240234 0.1020753648546007
0 0.6256308555603027 0.4458547238950376 0.03463726043701172 0.112724530255353
0 0.3236726760864258 0.9073135093406395 0.05027694702148437 0.07574072943793403
0 0.7217467308044434 0.3568599983497902 0.044989585876464844 0.06059341430664063
0 0.3167751630147298 0.5697783858687789 0.037156295776367185 0.09570866337528935
0 0.3367749849955241 0.03605496971695511 0.04534486134847005 0.07146803184791847
0 0.28803962071736655 0.46931227224844474 0.03490772247314453 0.08571435433846933
0 0.5153788566589356 0.4068253411187066 0.051540565490722653 0.05515509711371528
0 0.1596294403076172 0.274923903853805 0.03698320388793945 0.0581758287217882
0 0.5311048030853271 0.6844533284505209 0.05211725234985352 0.06862759060329861
0 0.7347585360209147 0.6540779678909867 0.034542274475097653 0.12703908284505208
0 0.45591096878051757 0.2894027144820602 0.037115478515625 0.07788933648003472
0 0.7049769401550293 0.08704261603178802 0.03202800750732422 0.07878652855202004
0 0.08178422252337138 0.13703913865266024 0.05995876391728719 0.0572853441591616
0 0.11169844468434652 0.8500905354817708 0.034967660903930664 0.12259385850694444
0 0.12067147095998128 0.11797126840662073 0.06509486834208171 0.07119038193314164
0 0.2621160984039307 0.9634384720413773 0.02910299301147461 0.07304054542824075
0 0.78613707224528 0.36165850604021993 0.0387786865234375 0.0843263414171007
0 0.7604706446329753 0.15023925922535084 0.0517510732014974 0.0512733883327908
0 0.7293299674987793 0.04578702184889052 0.030167579650878906 0.08973215950859917
0 0.5804094950358073 0.2582710619325991 0.03740094502766927 0.08278485050907841
0 0.4836749076843262 0.43502026310673464 0.057644081115722653 0.08382853755244503
0 0.11845221122105916 0.960118978994864 0.038884488741556804 0.079762042010272
0 0.8178398132324218 0.9729627821180555 0.05179290771484375 0.05120510525173611
0 0.1158617711855862 0.5400531892827718 0.03046718104801706 0.11756750381292873
0 0.7877358754475912 0.41224661933051215 0.038467152913411455 0.06504770914713541
0 0.3778600533803304 0.4777849409315321 0.04455366134643555 0.047786712646484375
0 0.6587597145682376 0.0766806622160873 0.030067139060139424 0.08140769140983929
0 0.3288421154022217 0.9827450222439236 0.05995016098022461 0.03450995551215278
0 0.09079264203707377 0.05804176330566406 0.07823609908421834 0.056672922770182294
0 0.08961343169212341 0.01971565352545844 0.07849308252334594 0.03943130705091688
0 0.10166391928990683 0.059252325693766275 0.05707976818084717 0.05614460839165582
0 0.04838889241218567 0.11331846272503888 0.03370620012283325 0.12474402321709527