0 0.3162229537963867 0.4621258912263093 0.05513420104980469 0.07627119841399016
0 0.2863099416097005 0.6908045450846354 0.04776140848795573 0.07215745713975695
0 0.33864259719848633 0.252445595352738 0.04869976043701172 0.06752809595178674
0 0.3314591725667318 0.6010643853081598 0.048903401692708334 0.09660135904947917
0 0.3328722953796387 0.7124382019042969 0.03651752471923828 0.0965513441297743
0 0.8924403945604961 0.17566970542625146 0.04078919887542724 0.07221527099609375
0 0.7990340312321981 0.5716082255045573 0.03931161562601725 0.07719268798828124
0 0.5216980934143066 0.5467517146357783 0.05944766998291016 0.05834401448567708
0 0.6036098798116049 0.3551292843288846 0.030881182352701823 0.09019953409830729
0 0.4699282646179199 0.5852696736653645 0.034284782409667966 0.09245978461371528
0 0.4312326749165853 0.6226639641655816 0.04502391815185547 0.0731569078233507
0 0.5646801153818767 0.6069668240017361 0.05687894821166992 0.05608791775173611
0 0.6421218872070312 0.9388673570421007 0.03706684112548828 0.10882398817274305
0 0.5134284655253093 0.0803736474778917 0.035139846801757815 0.06603929731580946
0 0.33956222534179686 0.38459159003363713 0.04286346435546875 0.06764424641927083
0 0.27187433242797854 0.5277301929615162 0.058736991882324216 0.06845228407118055
0 0.2963019688924154 0.1001371595594618 0.030981826782226562 0.0781979031032986
0 0.7857288837432861 0.24131977646439165 0.04337043762207031 0.07475932085955585
0 0.7453751166661581 0.18152990694399232 0.030956252415974935 0.08129870096842448
0 0.35725348790486655 0.16616398846661604 0.04731260935465495 0.0745942857530382
0 0.782851513226827 0.4141901934588397 0.03633920351664225 0.0739534166124132
0 0.983082614839077 0.8876308865017362 0.03211203515529633 0.09717848036024306
0 0.26840941111246747 0.8469120449490017 0.03412424723307292 0.09016604953342014
0 0.6565653006235759 0.793611964473018 0.033494218190511064 0.10900488959418403
0 0.43576436758648046 0.2865858569265187 0.061175681737846335 0.07836913997789273
0 0.47193929354349773 0.120290830400255 0.026600424448649088 0.07893271976047092
0 0.3995875358581543 0.5538228070294415 0.04089145660400391 0.07976803249782986
0 0.400778325398763 0.935228192364728 0.04816436767578125 0.0560405589916088
0 0.38034483591715496 0.8139857821994357 0.04842821756998698 0.05961083306206597
0 0.2961709022521973 0.37672581142849393 0.050394630432128905 0.06749598185221355
0 0.32684052785237633 0.19574623107910155 0.031223042805989584 0.08617867363823785
0 0.24272470474243163 0.34732822842068145 0.058252143859863284 0.05311948988172743
0 0.2144783655802409 0.5700269628454138 0.04360872904459635 0.05659942626953125
0 0.282278569539388 0.4329366895887587 0.03178215026855469 0.08681081136067709
0 0.21242923736572267 0.5129564073350694 0.04745025634765625 0.05663079155815972
0 0.3772186597188314 0.023907043315746165 0.054318809509277345 0.04781408663149233
0 0.2202589988708496 0.7658550686306423 0.03945369720458984 0.05759039984809028
0 0.2346059799194336 0.8294740464952257 0.033256149291992186 0.07932671440972222
0 0.5166240692138672 0.4687877513744213 0.04732704162597656 0.0756439208984375
0 0.23769826889038087 0.4790639947961878 0.039118385314941405 0.0550398932562934
0 0.853319005171458 0.6920988294813368 0.0513654629389445 0.0481903076171875
0 0.2501173655192057 0.40893512301974827 0.036182403564453125 0.07285393608940972
0 0.24904279708862304 0.09135624567667643 0.05043811798095703 0.05184493594699436
0 0.2283008893330892 0.6068714283130787 0.05255146026611328 0.06048199688946759
0 0.2516780853271484 0.2612597147623698 0.042908096313476564 0.05987769232855903
0 0.28258978796823986 0.21880814423255876 0.04567839180385676 0.10774256950475292
0 0.4441964308420817 0.17806392245822483 0.0533775011698405 0.051885732014973956
0 0.19135011037190755 0.7864251030815972 0.02962913513183594 0.06741231282552083
0 0.23926499684651692 0.7053897151240596 0.042755508422851564 0.07776574028862847
0 0.5188889662424724 0.9534623040093316 0.029572010040283203 0.09307539198133681
0 0.2386373519897461 0.9327986258047598 0.03419303894042969 0.04419617829499421
0 0.2559326171875 0.9653094538935909 0.030257797241210936 0.06773608172381365
0 0.9505537152290344 0.14942181551897968 0.031179475784301757 0.06342132709644459
0 0.22910950978597006 0.674364980061849 0.030370330810546874 0.08239356146918403
0 0.28831103642781575 0.16933990054660372 0.036383501688639325 0.08757336934407552
0 0.1720592498779297 0.765348137749566 0.03199615478515625 0.11001959906684028
0 0.2802032470703125 0.024507421917385527 0.02951507568359375 0.04901484383477105
0 0.20316063563028972 0.6724402533637153 0.029378827412923178 0.06183064778645833
0 0.2743048667907715 0.14023077929461444 0.03803462982177734 0.058659546463577836
0 0.1952448844909668 0.7231484024612992 0.035871696472167966 0.05164642333984375
0 0.18532752990722656 0.543804931640625 0.035961151123046875 0.07713250054253472
0 0.2560175577799479 0.3025249481201172 0.04243634541829427 0.04431211683485243
0 0.431605763350431 0.2218907044841841 0.07273760812579819 0.06498308071215204
0 0.33403823693311024 0.03404381290704559 0.03608269056249043 0.06808762581409118
0 0.21166140238444012 0.44198471351906105 0.03372815450032552 0.07985480979636864
0 0.24069345766725878 0.17054799026379844 0.04199970396684449 0.07499506611407146
0 0.23787189165186504 0.2155285836458128 0.04819789816459448 0.08140911782119599
0 0.23270680521597384 0.8875532011228833 0.03170843520782398 0.10300642941229743
0 0.2081892374956714 0.9465396631350177 0.02929695288151777 0.10506882187811281